Distance Data Points:3044
Encoder Data Points:3044
Pitch Data Points:3044
2.892000, 400 , 642.892000
4.611000, 400 , 644.611000
4.603000, 400 , 644.603000
4.620000, 400 , 644.620000
4.640000, 403 , 644.640000
4.679000, 404 , 644.679000
4.689000, 409 , 644.689000
4.661000, 409 , 644.661000
4.682000, 411 , 644.682000
4.700000, 413 , 644.700000
4.712000, 415 , 644.712000
4.724000, 419 , 644.724000
2.991000, 421 , 642.991000
2.901000, 426 , 642.901000
2.870000, 428 , 642.870000
2.820000, 431 , 642.820000
2.288000, 434 , 642.288000
2.278000, 438 , 642.278000
2.231000, 442 , 642.231000
2.496000, 446 , 642.496000
2.855000, 451 , 642.855000
2.811000, 455 , 642.811000
2.811000, 460 , 642.811000
2.786000, 466 , 642.786000
2.808000, 471 , 642.808000
2.812000, 476 , 642.812000
2.483000, 481 , 642.483000
2.165000, 487 , 642.165000
2.204000, 493 , 642.204000
2.441000, 499 , 642.441000
2.479000, 506 , 642.479000
1.472000, 512 , 641.472000
1.771000, 518 , 641.771000
1.820000, 524 , 641.820000
2.328000, 529 , 642.328000
2.035000, 535 , 642.035000
1.965000, 540 , 641.965000
1.818000, 545 , 641.818000
1.719000, 550 , 641.719000
1.667000, 555 , 641.667000
1.790000, 559 , 641.790000
1.925000, 564 , 641.925000
1.865000, 567 , 641.865000
1.787000, 570 , 641.787000
1.745000, 576 , 641.745000
1.738000, 580 , 641.738000
1.972000, 582 , 641.972000
2.155000, 585 , 642.155000
2.138000, 591 , 642.138000
2.108000, 592 , 642.108000
2.085000, 595 , 642.085000
2.067000, 598 , 642.067000
2.048000, 600 , 642.048000
2.012000, 602 , 642.012000
1.972000, 604 , 641.972000
1.959000, 604 , 641.959000
1.951000, 607 , 641.951000
1.934000, 608 , 641.934000
1.873000, 609 , 641.873000
1.796000, 609 , 641.796000
1.811000, 610 , 641.811000
1.787000, 610 , 651.787000
1.723000, 610 , 651.723000
1.871000, 610 , 651.871000
1.512000, 609 , 651.512000
1.901000, 609 , 651.901000
1.550000, 609 , 651.550000
1.691000, 606 , 651.691000
1.759000, 604 , 651.759000
1.610000, 603 , 651.610000
1.856000, 602 , 651.856000
1.938000, 601 , 651.938000
1.951000, 598 , 651.951000
1.987000, 597 , 651.987000
2.036000, 594 , 652.036000
2.062000, 590 , 652.062000
2.082000, 587 , 652.082000
2.110000, 584 , 652.110000
2.146000, 583 , 652.146000
1.923000, 578 , 651.923000
1.820000, 578 , 651.820000
1.848000, 574 , 651.848000
1.887000, 571 , 651.887000
1.908000, 564 , 651.908000
1.915000, 560 , 651.915000
1.811000, 553 , 651.811000
1.687000, 548 , 651.687000
1.676000, 543 , 651.676000
1.783000, 538 , 651.783000
1.920000, 533 , 651.920000
1.823000, 527 , 651.823000
2.266000, 520 , 652.266000
1.812000, 514 , 651.812000
1.757000, 508 , 651.757000
1.687000, 502 , 651.687000
2.472000, 495 , 652.472000
2.447000, 489 , 652.447000
2.083000, 483 , 652.083000
2.078000, 478 , 652.078000
3.013000, 473 , 653.013000
2.823000, 468 , 652.823000
2.814000, 463 , 652.814000
2.799000, 458 , 652.799000
2.895000, 453 , 652.895000
3.015000, 448 , 653.015000
2.904000, 444 , 652.904000
2.521000, 440 , 652.521000
2.384000, 436 , 652.384000
2.342000, 433 , 652.342000
2.329000, 430 , 652.329000
2.495000, 427 , 652.495000
2.827000, 424 , 652.827000
2.858000, 422 , 652.858000
2.888000, 419 , 652.888000
3.153000, 417 , 653.153000
5.597000, 415 , 655.597000
5.613000, 413 , 655.613000
5.616000, 412 , 655.616000
5.614000, 410 , 655.614000
5.633000, 409 , 655.633000
5.634000, 407 , 655.634000
5.659000, 406 , 655.659000
5.673000, 406 , 655.673000
5.696000, 406 , 665.696000
5.968000, 406 , 665.968000
6.512000, 405 , 666.512000
5.513000, 406 , 665.513000
6.677000, 406 , 666.677000
6.451000, 406 , 666.451000
6.612000, 405 , 666.612000
6.334000, 406 , 666.334000
6.551000, 407 , 666.551000
6.509000, 411 , 666.509000
6.585000, 413 , 666.585000
6.594000, 416 , 666.594000
6.497000, 418 , 666.497000
6.499000, 420 , 666.499000
2.894000, 423 , 662.894000
2.856000, 426 , 662.856000
2.816000, 429 , 662.816000
2.752000, 432 , 662.752000
2.265000, 435 , 662.265000
2.258000, 439 , 662.258000
2.275000, 443 , 662.275000
2.425000, 447 , 662.425000
3.039000, 451 , 663.039000
3.039000, 455 , 663.039000
2.987000, 460 , 662.987000
2.770000, 464 , 662.770000
2.773000, 469 , 662.773000
2.779000, 475 , 662.779000
2.400000, 480 , 662.400000
2.216000, 487 , 662.216000
2.065000, 492 , 662.065000
2.567000, 498 , 662.567000
1.663000, 505 , 661.663000
1.684000, 512 , 661.684000
1.774000, 518 , 661.774000
1.819000, 524 , 661.819000
2.287000, 529 , 662.287000
2.076000, 535 , 662.076000
1.910000, 540 , 661.910000
1.778000, 545 , 661.778000
1.698000, 550 , 661.698000
1.706000, 555 , 661.706000
1.797000, 559 , 661.797000
1.921000, 563 , 661.921000
1.965000, 570 , 661.965000
1.902000, 574 , 661.902000
1.839000, 581 , 661.839000
1.817000, 584 , 661.817000
1.776000, 589 , 661.776000
2.085000, 592 , 662.085000
2.096000, 597 , 662.096000
2.074000, 600 , 662.074000
2.060000, 603 , 662.060000
2.034000, 605 , 662.034000
2.015000, 608 , 662.015000
1.952000, 611 , 661.952000
1.938000, 613 , 661.938000
1.930000, 614 , 661.930000
1.916000, 616 , 661.916000
1.917000, 617 , 661.917000
1.904000, 618 , 661.904000
1.903000, 619 , 661.903000
1.888000, 619 , 661.888000
1.864000, 620 , 671.864000
1.871000, 620 , 671.871000
1.789000, 620 , 671.789000
1.792000, 620 , 671.792000
1.779000, 620 , 671.779000
1.782000, 619 , 671.782000
1.783000, 619 , 671.783000
1.762000, 617 , 671.762000
1.813000, 620 , 671.813000
1.925000, 619 , 671.925000
1.932000, 619 , 671.932000
1.938000, 615 , 671.938000
1.965000, 612 , 671.965000
2.021000, 609 , 672.021000
2.027000, 606 , 672.027000
2.053000, 603 , 672.053000
2.087000, 602 , 672.087000
2.101000, 596 , 672.101000
1.835000, 592 , 671.835000
1.783000, 588 , 671.783000
1.821000, 586 , 671.821000
1.869000, 582 , 671.869000
1.924000, 576 , 671.924000
2.001000, 572 , 672.001000
2.132000, 568 , 672.132000
1.682000, 563 , 671.682000
1.599000, 558 , 671.599000
1.613000, 553 , 671.613000
1.751000, 548 , 671.751000
2.072000, 542 , 672.072000
2.239000, 536 , 672.239000
1.822000, 530 , 671.822000
1.776000, 524 , 671.776000
1.697000, 518 , 671.697000
1.919000, 510 , 671.919000
2.850000, 504 , 672.850000
2.137000, 498 , 672.137000
2.112000, 493 , 672.112000
2.347000, 488 , 672.347000
2.945000, 483 , 672.945000
2.787000, 478 , 672.787000
2.781000, 473 , 672.781000
2.885000, 468 , 672.885000
2.831000, 464 , 672.831000
2.859000, 460 , 672.859000
2.633000, 456 , 672.633000
2.269000, 452 , 672.269000
2.212000, 448 , 672.212000
2.246000, 444 , 672.246000
2.344000, 441 , 672.344000
2.791000, 440 , 672.791000
2.819000, 436 , 672.819000
2.856000, 434 , 672.856000
2.905000, 431 , 672.905000
6.789000, 430 , 676.789000
7.332000, 428 , 677.332000
7.162000, 426 , 677.162000
6.883000, 426 , 676.883000
6.829000, 425 , 676.829000
6.904000, 424 , 676.904000
6.925000, 423 , 676.925000
7.044000, 426 , 677.044000
6.927000, 426 , 686.927000
6.991000, 426 , 686.991000
5.799000, 426 , 685.799000
5.794000, 426 , 685.794000
5.848000, 426 , 685.848000
5.874000, 426 , 685.874000
5.908000, 428 , 685.908000
6.202000, 428 , 686.202000
6.111000, 431 , 686.111000
6.813000, 433 , 686.813000
6.856000, 435 , 686.856000
7.227000, 437 , 687.227000
7.341000, 439 , 687.341000
6.777000, 443 , 686.777000
2.915000, 445 , 682.915000
2.867000, 448 , 682.867000
2.796000, 451 , 682.796000
2.416000, 454 , 682.416000
2.239000, 458 , 682.239000
2.221000, 462 , 682.221000
2.339000, 465 , 682.339000
2.757000, 469 , 682.757000
2.865000, 474 , 682.865000
2.838000, 478 , 682.838000
3.140000, 484 , 683.140000
2.901000, 488 , 682.901000
2.991000, 493 , 682.991000
3.166000, 498 , 683.166000
2.354000, 504 , 682.354000
2.016000, 510 , 682.016000
2.065000, 515 , 682.065000
2.994000, 521 , 682.994000
1.802000, 527 , 681.802000
1.723000, 534 , 681.723000
1.799000, 540 , 681.799000
1.895000, 546 , 681.895000
2.319000, 552 , 682.319000
2.309000, 559 , 682.309000
1.628000, 566 , 681.628000
1.586000, 572 , 681.586000
1.602000, 577 , 681.602000
1.686000, 582 , 681.686000
2.356000, 587 , 682.356000
2.282000, 592 , 682.282000
1.910000, 597 , 681.910000
1.857000, 602 , 681.857000
1.816000, 606 , 681.816000
1.773000, 609 , 681.773000
1.768000, 614 , 681.768000
1.921000, 617 , 681.921000
2.058000, 621 , 682.058000
2.044000, 625 , 682.044000
2.026000, 628 , 682.026000
2.010000, 630 , 682.010000
1.991000, 634 , 681.991000
1.922000, 637 , 681.922000
1.914000, 638 , 681.914000
1.905000, 638 , 681.905000
1.888000, 641 , 681.888000
1.891000, 642 , 681.891000
1.881000, 643 , 681.881000
1.876000, 643 , 681.876000
1.870000, 646 , 681.870000
1.870000, 646 , 691.870000
1.866000, 646 , 691.866000
1.870000, 645 , 691.870000
1.872000, 644 , 691.872000
1.873000, 646 , 691.873000
1.873000, 646 , 691.873000
1.867000, 647 , 691.867000
1.878000, 644 , 691.878000
1.883000, 645 , 691.883000
1.888000, 644 , 691.888000
1.896000, 642 , 691.896000
1.910000, 640 , 691.910000
1.929000, 640 , 691.929000
1.993000, 638 , 691.993000
2.017000, 633 , 692.017000
2.037000, 629 , 692.037000
2.067000, 624 , 692.067000
2.032000, 621 , 692.032000
1.780000, 620 , 691.780000
1.762000, 616 , 691.762000
1.808000, 613 , 691.808000
1.852000, 609 , 691.852000
1.897000, 605 , 691.897000
2.272000, 600 , 692.272000
2.343000, 596 , 692.343000
1.673000, 590 , 691.673000
1.593000, 585 , 691.593000
1.915000, 580 , 691.915000
1.806000, 575 , 691.806000
2.002000, 569 , 692.002000
2.461000, 563 , 692.461000
2.165000, 557 , 692.165000
1.805000, 550 , 691.805000
1.730000, 544 , 691.730000
2.641000, 538 , 692.641000
3.011000, 532 , 693.011000
2.034000, 526 , 692.034000
2.083000, 521 , 692.083000
2.544000, 516 , 692.544000
2.747000, 511 , 692.747000
2.735000, 505 , 692.735000
2.744000, 501 , 692.744000
2.768000, 496 , 692.768000
2.810000, 492 , 692.810000
2.832000, 488 , 692.832000
2.600000, 484 , 692.600000
2.520000, 481 , 692.520000
2.272000, 477 , 692.272000
2.236000, 474 , 692.236000
2.177000, 471 , 692.177000
2.853000, 469 , 692.853000
6.607000, 466 , 696.607000
6.930000, 464 , 696.930000
6.714000, 461 , 696.714000
6.723000, 459 , 696.723000
6.729000, 457 , 696.729000
6.633000, 456 , 696.633000
6.530000, 454 , 696.530000
5.583000, 452 , 695.583000
5.477000, 451 , 695.477000
5.385000, 451 , 695.385000
5.322000, 451 , 695.322000
5.281000, 450 , 705.281000
5.268000, 450 , 705.268000
5.327000, 450 , 705.327000
5.324000, 450 , 705.324000
5.353000, 450 , 705.353000
5.374000, 451 , 705.374000
5.394000, 451 , 705.394000
5.442000, 452 , 705.442000
5.513000, 453 , 705.513000
5.656000, 455 , 705.656000
6.750000, 457 , 706.750000
6.856000, 459 , 706.856000
7.012000, 461 , 707.012000
6.965000, 464 , 706.965000
6.664000, 467 , 706.664000
6.550000, 470 , 706.550000
2.846000, 473 , 702.846000
2.188000, 476 , 702.188000
2.211000, 480 , 702.211000
2.202000, 483 , 702.202000
2.305000, 487 , 702.305000
2.557000, 491 , 702.557000
2.948000, 495 , 702.948000
3.037000, 500 , 703.037000
2.863000, 504 , 702.863000
2.846000, 509 , 702.846000
2.800000, 514 , 702.800000
2.795000, 519 , 702.795000
2.317000, 525 , 702.317000
2.158000, 530 , 702.158000
2.085000, 537 , 702.085000
3.029000, 543 , 703.029000
2.924000, 549 , 702.924000
1.792000, 557 , 701.792000
1.990000, 563 , 701.990000
2.453000, 568 , 702.453000
2.551000, 574 , 702.551000
2.463000, 580 , 702.463000
1.886000, 585 , 701.886000
2.243000, 590 , 702.243000
1.590000, 595 , 701.590000
1.670000, 599 , 701.670000
2.414000, 602 , 702.414000
2.376000, 607 , 702.376000
1.896000, 614 , 701.896000
1.846000, 618 , 701.846000
1.802000, 621 , 701.802000
1.773000, 625 , 701.773000
2.000000, 628 , 702.000000
2.091000, 631 , 702.091000
2.058000, 635 , 702.058000
2.033000, 637 , 702.033000
2.009000, 640 , 702.009000
1.996000, 642 , 701.996000
1.945000, 646 , 701.945000
1.910000, 650 , 701.910000
1.888000, 653 , 701.888000
1.885000, 653 , 701.885000
1.874000, 654 , 701.874000
1.883000, 655 , 701.883000
1.877000, 660 , 701.877000
1.869000, 661 , 701.869000
1.865000, 661 , 701.865000
1.866000, 661 , 711.866000
1.870000, 663 , 711.870000
1.862000, 663 , 711.862000
1.862000, 664 , 711.862000
1.866000, 662 , 711.866000
1.860000, 661 , 711.860000
1.864000, 660 , 711.864000
1.876000, 659 , 711.876000
1.872000, 658 , 711.872000
1.878000, 654 , 711.878000
1.890000, 648 , 711.890000
1.902000, 643 , 711.902000
1.918000, 641 , 711.918000
1.987000, 638 , 711.987000
2.010000, 636 , 712.010000
2.025000, 635 , 712.025000
2.053000, 630 , 712.053000
2.085000, 625 , 712.085000
1.994000, 622 , 711.994000
1.759000, 617 , 711.759000
1.807000, 614 , 711.807000
1.850000, 610 , 711.850000
1.909000, 607 , 711.909000
2.387000, 602 , 712.387000
2.468000, 599 , 712.468000
2.311000, 595 , 712.311000
2.501000, 589 , 712.501000
2.749000, 584 , 712.749000
2.643000, 579 , 712.643000
2.601000, 573 , 712.601000
2.506000, 566 , 712.506000
2.507000, 560 , 712.507000
2.946000, 554 , 712.946000
2.984000, 547 , 712.984000
2.904000, 542 , 712.904000
3.049000, 536 , 713.049000
2.036000, 530 , 712.036000
2.019000, 525 , 712.019000
2.259000, 520 , 712.259000
2.803000, 515 , 712.803000
2.808000, 510 , 712.808000
3.049000, 506 , 713.049000
3.166000, 500 , 713.166000
3.188000, 496 , 713.188000
3.100000, 492 , 713.100000
2.517000, 487 , 712.517000
2.277000, 484 , 712.277000
2.208000, 481 , 712.208000
2.227000, 477 , 712.227000
2.186000, 474 , 712.186000
6.599000, 471 , 716.599000
6.619000, 468 , 716.619000
7.403000, 466 , 717.403000
7.072000, 464 , 717.072000
6.753000, 462 , 716.753000
9.744000, 460 , 719.744000
7.167000, 459 , 717.167000
7.053000, 458 , 717.053000
7.097000, 456 , 717.097000
6.387000, 455 , 716.387000
6.301000, 456 , 716.301000
5.624000, 455 , 715.624000
5.583000, 455 , 725.583000
5.573000, 455 , 725.573000
5.510000, 455 , 725.510000
5.539000, 456 , 725.539000
5.540000, 456 , 725.540000
5.569000, 456 , 725.569000
5.585000, 457 , 725.585000
5.710000, 456 , 725.710000
6.304000, 458 , 726.304000
6.316000, 460 , 726.316000
9.818000, 461 , 729.818000
9.866000, 463 , 729.866000
6.712000, 465 , 726.712000
6.821000, 465 , 726.821000
7.226000, 468 , 727.226000
7.422000, 471 , 727.422000
7.252000, 475 , 727.252000
2.214000, 478 , 722.214000
2.301000, 481 , 722.301000
2.217000, 485 , 722.217000
2.337000, 489 , 722.337000
2.755000, 493 , 722.755000
3.239000, 497 , 723.239000
3.198000, 502 , 723.198000
3.161000, 506 , 723.161000
2.829000, 511 , 722.829000
2.809000, 516 , 722.809000
2.793000, 521 , 722.793000
2.178000, 527 , 722.178000
2.133000, 532 , 722.133000
2.247000, 538 , 722.247000
3.077000, 545 , 723.077000
2.941000, 551 , 722.941000
3.326000, 559 , 723.326000
2.726000, 566 , 722.726000
2.465000, 571 , 722.465000
2.567000, 578 , 722.567000
3.045000, 584 , 723.045000
2.936000, 590 , 722.936000
2.778000, 595 , 722.778000
2.646000, 599 , 722.646000
2.544000, 604 , 722.544000
2.445000, 607 , 722.445000
2.366000, 612 , 722.366000
1.894000, 618 , 721.894000
1.852000, 624 , 721.852000
1.806000, 629 , 721.806000
1.781000, 633 , 721.781000
2.018000, 636 , 722.018000
2.096000, 639 , 722.096000
2.058000, 643 , 722.058000
2.031000, 647 , 722.031000
2.020000, 650 , 722.020000
2.003000, 655 , 722.003000
1.934000, 658 , 721.934000
1.918000, 664 , 721.918000
1.893000, 666 , 721.893000
1.894000, 667 , 721.894000
1.883000, 668 , 721.883000
1.877000, 669 , 721.877000
1.876000, 672 , 721.876000
1.869000, 672 , 721.869000
1.872000, 673 , 721.872000
1.870000, 673 , 731.870000
1.869000, 673 , 731.869000
1.885000, 673 , 731.885000
1.875000, 673 , 731.875000
1.880000, 673 , 731.880000
1.883000, 672 , 731.883000
1.873000, 671 , 731.873000
1.879000, 668 , 731.879000
1.879000, 667 , 731.879000
1.883000, 669 , 731.883000
1.898000, 669 , 731.898000
1.902000, 668 , 731.902000
1.915000, 660 , 731.915000
1.994000, 658 , 731.994000
2.017000, 658 , 732.017000
2.035000, 657 , 732.035000
2.063000, 655 , 732.063000
2.096000, 654 , 732.096000
1.957000, 651 , 731.957000
1.773000, 647 , 731.773000
1.776000, 642 , 731.776000
1.802000, 639 , 731.802000
1.857000, 637 , 731.857000
2.390000, 632 , 732.390000
2.481000, 628 , 732.481000
2.576000, 627 , 732.576000
2.695000, 621 , 732.695000
2.835000, 616 , 732.835000
3.019000, 610 , 733.019000
3.035000, 602 , 733.035000
2.582000, 596 , 732.582000
2.826000, 590 , 732.826000
3.554000, 583 , 733.554000
3.001000, 577 , 733.001000
2.922000, 572 , 732.922000
3.022000, 566 , 733.022000
2.181000, 559 , 732.181000
2.373000, 554 , 732.373000
2.404000, 549 , 732.404000
2.824000, 544 , 732.824000
2.793000, 538 , 732.793000
2.798000, 534 , 732.798000
2.835000, 530 , 732.835000
2.929000, 525 , 732.929000
2.939000, 521 , 732.939000
2.567000, 518 , 732.567000
2.332000, 514 , 732.332000
2.276000, 509 , 732.276000
2.291000, 506 , 732.291000
2.196000, 504 , 732.196000
8.274000, 501 , 738.274000
8.814000, 499 , 738.814000
7.997000, 496 , 737.997000
7.445000, 494 , 737.445000
9.176000, 491 , 739.176000
9.892000, 490 , 739.892000
9.556000, 488 , 739.556000
9.284000, 487 , 739.284000
9.104000, 486 , 739.104000
9.161000, 486 , 739.161000
9.217000, 485 , 739.217000
9.261000, 488 , 739.261000
9.293000, 487 , 749.293000
10.440000, 487 , 7410.440000
10.460000, 487 , 7410.460000
10.430000, 487 , 7410.430000
10.420000, 487 , 7410.420000
10.400000, 489 , 7410.400000
10.380000, 489 , 7410.380000
10.340000, 492 , 7410.340000
10.270000, 493 , 7410.270000
10.120000, 493 , 7410.120000
10.070000, 496 , 7410.070000
9.950000, 498 , 749.950000
9.564000, 500 , 749.564000
9.124000, 503 , 749.124000
9.047000, 507 , 749.047000
8.669000, 510 , 748.669000
8.177000, 514 , 748.177000
2.257000, 518 , 742.257000
2.254000, 521 , 742.254000
2.231000, 525 , 742.231000
2.597000, 529 , 742.597000
2.888000, 534 , 742.888000
3.111000, 538 , 743.111000
3.068000, 542 , 743.068000
3.098000, 547 , 743.098000
2.983000, 552 , 742.983000
3.121000, 557 , 743.121000
3.044000, 562 , 743.044000
2.211000, 568 , 742.211000
2.028000, 573 , 742.028000
2.934000, 579 , 742.934000
2.912000, 585 , 742.912000
2.975000, 591 , 742.975000
3.561000, 598 , 743.561000
3.689000, 604 , 743.689000
3.724000, 610 , 743.724000
3.212000, 616 , 743.212000
3.115000, 621 , 743.115000
2.903000, 627 , 742.903000
2.754000, 632 , 742.754000
2.633000, 637 , 742.633000
2.527000, 642 , 742.527000
2.433000, 647 , 742.433000
2.352000, 651 , 742.352000
2.293000, 655 , 742.293000
2.056000, 660 , 742.056000
1.948000, 664 , 741.948000
1.852000, 667 , 741.852000
2.047000, 669 , 742.047000
2.085000, 672 , 742.085000
2.064000, 674 , 742.064000
2.044000, 677 , 742.044000
2.023000, 679 , 742.023000
1.996000, 680 , 741.996000
1.934000, 683 , 741.934000
1.911000, 686 , 741.911000
1.907000, 688 , 741.907000
1.902000, 686 , 741.902000
1.892000, 687 , 741.892000
1.899000, 689 , 741.899000
1.899000, 691 , 741.899000
1.890000, 692 , 741.890000
1.889000, 692 , 741.889000
1.889000, 692 , 751.889000
1.890000, 693 , 751.890000
1.894000, 694 , 751.894000
1.889000, 694 , 751.889000
1.901000, 693 , 751.901000
1.889000, 692 , 751.889000
1.896000, 692 , 751.896000
1.897000, 691 , 751.897000
1.912000, 690 , 751.912000
1.912000, 688 , 751.912000
1.919000, 686 , 751.919000
1.930000, 684 , 751.930000
1.952000, 682 , 751.952000
2.005000, 680 , 752.005000
2.038000, 675 , 752.038000
2.053000, 670 , 752.053000
2.078000, 669 , 752.078000
2.110000, 666 , 752.110000
2.047000, 664 , 752.047000
1.968000, 659 , 751.968000
2.032000, 655 , 752.032000
2.274000, 652 , 752.274000
2.334000, 650 , 752.334000
2.397000, 645 , 752.397000
2.502000, 642 , 752.502000
2.599000, 638 , 752.599000
2.717000, 631 , 752.717000
2.866000, 626 , 752.866000
3.030000, 620 , 753.030000
3.235000, 614 , 753.235000
3.590000, 607 , 753.590000
3.760000, 601 , 753.760000
3.612000, 594 , 753.612000
3.139000, 588 , 753.139000
2.934000, 582 , 752.934000
3.086000, 577 , 753.086000
2.061000, 571 , 752.061000
2.069000, 566 , 752.069000
2.381000, 561 , 752.381000
3.191000, 555 , 753.191000
3.186000, 550 , 753.186000
3.188000, 546 , 753.188000
3.205000, 541 , 753.205000
3.231000, 536 , 753.231000
3.252000, 533 , 753.252000
2.948000, 529 , 752.948000
2.331000, 525 , 752.331000
2.223000, 522 , 752.223000
2.267000, 519 , 752.267000
2.214000, 516 , 752.214000
6.526000, 513 , 756.526000
6.529000, 511 , 756.529000
6.593000, 509 , 756.593000
6.638000, 507 , 756.638000
6.725000, 504 , 756.725000
9.960000, 502 , 759.960000
10.060000, 502 , 7510.060000
10.140000, 500 , 7510.140000
6.900000, 499 , 756.900000
10.300000, 498 , 7510.300000
10.360000, 497 , 7510.360000
10.410000, 496 , 7510.410000
10.440000, 497 , 7610.440000
10.450000, 497 , 7610.450000
5.882000, 497 , 765.882000
6.396000, 498 , 766.396000
5.986000, 498 , 765.986000
6.262000, 498 , 766.262000
6.251000, 499 , 766.251000
6.115000, 500 , 766.115000
6.159000, 501 , 766.159000
6.270000, 504 , 766.270000
6.326000, 506 , 766.326000
6.403000, 509 , 766.403000
6.413000, 511 , 766.413000
6.737000, 512 , 766.737000
9.634000, 515 , 769.634000
8.435000, 521 , 768.435000
2.171000, 524 , 762.171000
2.281000, 528 , 762.281000
2.249000, 532 , 762.249000
2.228000, 535 , 762.228000
2.446000, 539 , 762.446000
2.931000, 543 , 762.931000
2.984000, 548 , 762.984000
3.058000, 552 , 763.058000
3.045000, 557 , 763.045000
3.144000, 561 , 763.144000
3.139000, 567 , 763.139000
2.492000, 572 , 762.492000
2.222000, 577 , 762.222000
2.212000, 583 , 762.212000
3.300000, 591 , 763.300000
2.954000, 597 , 762.954000
3.023000, 603 , 763.023000
3.611000, 609 , 763.611000
3.740000, 615 , 763.740000
3.717000, 621 , 763.717000
3.384000, 627 , 763.384000
3.128000, 632 , 763.128000
2.917000, 637 , 762.917000
2.771000, 642 , 762.771000
2.649000, 647 , 762.649000
2.541000, 651 , 762.541000
2.462000, 657 , 762.462000
2.392000, 661 , 762.392000
2.330000, 666 , 762.330000
2.268000, 671 , 762.268000
2.207000, 674 , 762.207000
2.165000, 677 , 762.165000
2.139000, 680 , 762.139000
2.109000, 686 , 762.109000
2.088000, 692 , 762.088000
2.070000, 696 , 762.070000
2.048000, 699 , 762.048000
2.009000, 701 , 762.009000
1.960000, 703 , 761.960000
1.950000, 706 , 761.950000
1.938000, 706 , 761.938000
1.936000, 709 , 761.936000
1.926000, 710 , 761.926000
1.918000, 709 , 761.918000
1.923000, 710 , 761.923000
1.912000, 710 , 761.912000
1.904000, 712 , 761.904000
1.908000, 712 , 771.908000
1.915000, 712 , 771.915000
1.923000, 712 , 771.923000
1.915000, 712 , 771.915000
1.918000, 713 , 771.918000
1.919000, 712 , 771.919000
1.926000, 710 , 771.926000
1.925000, 708 , 771.925000
1.926000, 706 , 771.926000
1.938000, 705 , 771.938000
1.944000, 703 , 771.944000
1.957000, 701 , 771.957000
1.971000, 698 , 771.971000
2.036000, 696 , 772.036000
2.062000, 694 , 772.062000
2.084000, 690 , 772.084000
2.110000, 689 , 772.110000
2.133000, 686 , 772.133000
2.161000, 683 , 772.161000
2.195000, 681 , 772.195000
2.245000, 676 , 772.245000
2.301000, 669 , 772.301000
2.357000, 665 , 772.357000
2.431000, 660 , 772.431000
2.524000, 655 , 772.524000
2.625000, 649 , 772.625000
2.742000, 644 , 772.742000
2.881000, 638 , 772.881000
3.081000, 633 , 773.081000
3.330000, 627 , 773.330000
3.640000, 620 , 773.640000
3.794000, 614 , 773.794000
3.666000, 604 , 773.666000
3.538000, 597 , 773.538000
3.050000, 591 , 773.050000
3.328000, 586 , 773.328000
2.100000, 580 , 772.100000
2.150000, 575 , 772.150000
2.358000, 569 , 772.358000
3.044000, 563 , 773.044000
2.926000, 558 , 772.926000
2.916000, 554 , 772.916000
2.956000, 549 , 772.956000
2.969000, 545 , 772.969000
3.162000, 540 , 773.162000
2.749000, 536 , 772.749000
2.341000, 532 , 772.341000
2.287000, 529 , 772.287000
2.309000, 525 , 772.309000
2.259000, 523 , 772.259000
6.738000, 521 , 776.738000
6.839000, 518 , 776.839000
6.925000, 516 , 776.925000
6.998000, 516 , 776.998000
7.075000, 514 , 777.075000
6.808000, 512 , 776.808000
6.636000, 511 , 776.636000
6.539000, 510 , 776.539000
5.831000, 509 , 775.831000
5.726000, 508 , 775.726000
5.635000, 508 , 775.635000
5.546000, 507 , 775.546000
5.498000, 507 , 785.498000
5.488000, 507 , 785.488000
5.727000, 507 , 785.727000
6.108000, 507 , 786.108000
5.703000, 507 , 785.703000
5.785000, 508 , 785.785000
6.030000, 508 , 786.030000
5.715000, 512 , 785.715000
6.263000, 515 , 786.263000
8.508000, 517 , 788.508000
8.542000, 519 , 788.542000
8.591000, 521 , 788.591000
8.577000, 524 , 788.577000
8.607000, 526 , 788.607000
8.611000, 529 , 788.611000
8.530000, 532 , 788.530000
2.204000, 535 , 782.204000
2.330000, 538 , 782.330000
2.334000, 541 , 782.334000
2.397000, 547 , 782.397000
2.495000, 551 , 782.495000
3.323000, 555 , 783.323000
3.280000, 559 , 783.280000
3.271000, 564 , 783.271000
3.252000, 568 , 783.252000
3.259000, 574 , 783.259000
3.259000, 579 , 783.259000
2.451000, 585 , 782.451000
2.128000, 590 , 782.128000
2.108000, 596 , 782.108000
3.383000, 602 , 783.383000
3.081000, 608 , 783.081000
3.566000, 614 , 783.566000
3.684000, 621 , 783.684000
3.820000, 628 , 783.820000
3.699000, 634 , 783.699000
3.377000, 639 , 783.377000
3.128000, 645 , 783.128000
2.926000, 650 , 782.926000
2.781000, 655 , 782.781000
2.657000, 660 , 782.657000
2.562000, 664 , 782.562000
2.462000, 669 , 782.462000
2.388000, 673 , 782.388000
2.334000, 678 , 782.334000
2.281000, 682 , 782.281000
2.225000, 686 , 782.225000
2.186000, 691 , 782.186000
2.157000, 695 , 782.157000
2.136000, 698 , 782.136000
2.107000, 699 , 782.107000
2.097000, 703 , 782.097000
2.069000, 705 , 782.069000
2.015000, 707 , 782.015000
1.988000, 711 , 781.988000
1.976000, 712 , 781.976000
1.967000, 715 , 781.967000
1.966000, 716 , 781.966000
1.949000, 719 , 781.949000
1.946000, 717 , 781.946000
1.947000, 718 , 781.947000
1.943000, 719 , 781.943000
1.940000, 719 , 791.940000
1.943000, 719 , 791.943000
1.953000, 719 , 791.953000
1.955000, 720 , 791.955000
1.965000, 718 , 791.965000
1.954000, 718 , 791.954000
1.962000, 718 , 791.962000
1.957000, 718 , 791.957000
1.958000, 718 , 791.958000
1.967000, 716 , 791.967000
1.969000, 713 , 791.969000
1.977000, 711 , 791.977000
1.991000, 709 , 791.991000
2.001000, 706 , 792.001000
2.042000, 701 , 792.042000
2.094000, 696 , 792.094000
2.122000, 699 , 792.122000
2.140000, 696 , 792.140000
2.162000, 691 , 792.162000
2.182000, 687 , 792.182000
2.229000, 687 , 792.229000
2.268000, 684 , 792.268000
2.339000, 679 , 792.339000
2.383000, 675 , 792.383000
2.457000, 670 , 792.457000
2.558000, 666 , 792.558000
2.657000, 661 , 792.657000
2.781000, 654 , 792.781000
2.912000, 648 , 792.912000
3.133000, 643 , 793.133000
3.388000, 636 , 793.388000
3.717000, 630 , 793.717000
3.851000, 623 , 793.851000
3.729000, 616 , 793.729000
3.605000, 610 , 793.605000
3.521000, 605 , 793.521000
3.437000, 599 , 793.437000
2.121000, 593 , 792.121000
2.129000, 588 , 792.129000
2.482000, 583 , 792.482000
3.279000, 578 , 793.279000
3.263000, 574 , 793.263000
3.284000, 569 , 793.284000
3.283000, 565 , 793.283000
3.283000, 561 , 793.283000
3.269000, 557 , 793.269000
2.628000, 553 , 792.628000
2.473000, 550 , 792.473000
2.299000, 546 , 792.299000
2.334000, 546 , 792.334000
2.295000, 543 , 792.295000
5.606000, 540 , 795.606000
5.279000, 537 , 795.279000
5.031000, 535 , 795.031000
5.781000, 533 , 795.781000
7.377000, 531 , 797.377000
7.405000, 530 , 797.405000
7.382000, 528 , 797.382000
7.399000, 526 , 797.399000
7.401000, 525 , 797.401000
7.411000, 524 , 797.411000
6.244000, 522 , 796.244000
6.203000, 522 , 796.203000
6.480000, 522 , 806.480000
6.590000, 521 , 806.590000
6.271000, 521 , 806.271000
6.517000, 522 , 806.517000
6.252000, 522 , 806.252000
6.211000, 522 , 806.211000
6.253000, 522 , 806.253000
6.290000, 525 , 806.290000
6.635000, 526 , 806.635000
6.492000, 528 , 806.492000
4.821000, 530 , 804.821000
4.466000, 532 , 804.466000
4.657000, 534 , 804.657000
6.607000, 541 , 806.607000
6.580000, 544 , 806.580000
5.748000, 547 , 805.748000
2.270000, 550 , 802.270000
2.356000, 555 , 802.356000
2.321000, 558 , 802.321000
2.387000, 562 , 802.387000
2.764000, 567 , 802.764000
2.738000, 571 , 802.738000
2.724000, 575 , 802.724000
2.707000, 581 , 802.707000
2.703000, 586 , 802.703000
2.695000, 591 , 802.695000
2.701000, 596 , 802.701000
2.669000, 602 , 802.669000
2.161000, 607 , 802.161000
2.160000, 614 , 802.160000
3.512000, 621 , 803.512000
3.588000, 627 , 803.588000
3.687000, 633 , 803.687000
3.783000, 639 , 803.783000
3.938000, 645 , 803.938000
3.696000, 651 , 803.696000
3.441000, 657 , 803.441000
3.187000, 663 , 803.187000
2.983000, 668 , 802.983000
2.828000, 673 , 802.828000
2.713000, 677 , 802.713000
2.601000, 683 , 802.601000
2.514000, 687 , 802.514000
2.439000, 690 , 802.439000
2.389000, 693 , 802.389000
2.326000, 698 , 802.326000
2.279000, 703 , 802.279000
2.232000, 705 , 802.232000
2.200000, 709 , 802.200000
2.194000, 713 , 802.194000
2.165000, 716 , 802.165000
2.147000, 719 , 802.147000
2.135000, 722 , 802.135000
2.067000, 724 , 802.067000
2.047000, 727 , 802.047000
2.031000, 730 , 802.031000
2.021000, 732 , 802.021000
2.021000, 734 , 802.021000
2.014000, 736 , 802.014000
2.011000, 738 , 802.011000
2.007000, 738 , 802.007000
2.003000, 738 , 802.003000
2.004000, 738 , 812.004000
2.008000, 738 , 812.008000
2.007000, 740 , 812.007000
2.013000, 740 , 812.013000
2.024000, 739 , 812.024000
2.012000, 738 , 812.012000
2.017000, 738 , 812.017000
2.009000, 737 , 812.009000
2.025000, 735 , 812.025000
2.021000, 734 , 812.021000
2.036000, 732 , 812.036000
2.047000, 730 , 812.047000
2.053000, 728 , 812.053000
2.075000, 725 , 812.075000
2.151000, 723 , 812.151000
2.158000, 718 , 812.158000
2.184000, 715 , 812.184000
2.211000, 712 , 812.211000
2.218000, 710 , 812.218000
2.235000, 706 , 812.235000
2.280000, 706 , 812.280000
2.332000, 703 , 812.332000
2.391000, 698 , 812.391000
2.452000, 695 , 812.452000
2.527000, 684 , 812.527000
2.612000, 682 , 812.612000
2.719000, 677 , 812.719000
2.838000, 672 , 812.838000
2.999000, 666 , 812.999000
3.203000, 661 , 813.203000
3.466000, 654 , 813.466000
3.782000, 648 , 813.782000
3.943000, 641 , 813.943000
3.812000, 635 , 813.812000
3.695000, 628 , 813.695000
3.608000, 622 , 813.608000
3.528000, 617 , 813.528000
2.227000, 611 , 812.227000
2.478000, 606 , 812.478000
3.415000, 601 , 813.415000
3.286000, 595 , 813.286000
3.272000, 591 , 813.272000
2.942000, 586 , 812.942000
2.811000, 581 , 812.811000
2.815000, 577 , 812.815000
2.843000, 573 , 812.843000
2.995000, 569 , 812.995000
5.756000, 566 , 815.756000
5.764000, 562 , 815.764000
5.793000, 559 , 815.793000
2.371000, 556 , 812.371000
5.761000, 552 , 815.761000
5.760000, 550 , 815.760000
5.766000, 547 , 815.766000
5.777000, 545 , 815.777000
5.769000, 543 , 815.769000
5.816000, 542 , 815.816000
5.770000, 539 , 815.770000
5.710000, 538 , 815.710000
4.578000, 538 , 814.578000
4.116000, 537 , 814.116000
4.045000, 537 , 814.045000
4.014000, 537 , 814.014000
3.983000, 537 , 823.983000
3.975000, 537 , 823.975000
5.095000, 538 , 825.095000
4.068000, 538 , 824.068000
5.234000, 538 , 825.234000
5.389000, 538 , 825.389000
5.361000, 539 , 825.361000
5.274000, 541 , 825.274000
5.396000, 543 , 825.396000
5.285000, 546 , 825.285000
5.400000, 548 , 825.400000
5.558000, 550 , 825.558000
5.418000, 554 , 825.418000
5.380000, 554 , 825.380000
5.341000, 557 , 825.341000
5.356000, 559 , 825.356000
5.335000, 563 , 825.335000
5.332000, 567 , 825.332000
5.338000, 572 , 825.338000
5.326000, 578 , 825.326000
3.500000, 581 , 823.500000
3.485000, 586 , 823.485000
3.457000, 590 , 823.457000
3.441000, 594 , 823.441000
3.436000, 599 , 823.436000
3.432000, 604 , 823.432000
3.438000, 610 , 823.438000
3.462000, 615 , 823.462000
3.490000, 621 , 823.490000
3.399000, 628 , 823.399000
3.595000, 634 , 823.595000
3.677000, 641 , 823.677000
3.768000, 648 , 823.768000
3.884000, 655 , 823.884000
4.026000, 661 , 824.026000
3.759000, 667 , 823.759000
3.454000, 672 , 823.454000
3.200000, 677 , 823.200000
3.002000, 683 , 823.002000
2.859000, 688 , 822.859000
2.732000, 694 , 822.732000
2.639000, 700 , 822.639000
2.552000, 706 , 822.552000
2.475000, 713 , 822.475000
2.418000, 718 , 822.418000
2.369000, 723 , 822.369000
2.315000, 726 , 822.315000
2.276000, 731 , 822.276000
2.241000, 734 , 822.241000
2.220000, 737 , 822.220000
2.201000, 740 , 822.201000
2.182000, 743 , 822.182000
2.162000, 745 , 822.162000
2.083000, 748 , 822.083000
2.080000, 750 , 822.080000
2.066000, 751 , 822.066000
2.057000, 753 , 822.057000
2.052000, 754 , 822.052000
2.041000, 755 , 822.041000
2.038000, 757 , 822.038000
2.035000, 758 , 822.035000
2.036000, 759 , 822.036000
2.023000, 759 , 832.023000
2.041000, 759 , 832.041000
2.050000, 757 , 832.050000
2.060000, 757 , 832.060000
2.066000, 756 , 832.066000
2.058000, 756 , 832.058000
2.070000, 755 , 832.070000
2.061000, 753 , 832.061000
2.066000, 751 , 832.066000
2.076000, 750 , 832.076000
2.080000, 748 , 832.080000
2.086000, 743 , 832.086000
2.094000, 741 , 832.094000
2.101000, 738 , 832.101000
2.143000, 736 , 832.143000
2.204000, 730 , 832.204000
2.227000, 727 , 832.227000
2.251000, 726 , 832.251000
2.278000, 721 , 832.278000
2.320000, 719 , 832.320000
2.342000, 716 , 832.342000
2.397000, 713 , 832.397000
2.446000, 709 , 832.446000
2.520000, 701 , 832.520000
2.596000, 695 , 832.596000
2.680000, 691 , 832.680000
2.787000, 685 , 832.787000
2.918000, 680 , 832.918000
3.083000, 674 , 833.083000
3.285000, 667 , 833.285000
3.574000, 662 , 833.574000
3.897000, 656 , 833.897000
4.035000, 649 , 834.035000
3.902000, 642 , 833.902000
3.791000, 636 , 833.791000
3.707000, 630 , 833.707000
3.636000, 624 , 833.636000
3.581000, 618 , 833.581000
3.538000, 613 , 833.538000
3.510000, 608 , 833.510000
3.491000, 603 , 833.491000
3.488000, 599 , 833.488000
3.487000, 594 , 833.487000
3.505000, 590 , 833.505000
3.523000, 585 , 833.523000
3.546000, 581 , 833.546000
3.565000, 576 , 833.565000
4.788000, 573 , 834.788000
4.772000, 569 , 834.772000
5.095000, 566 , 835.095000
4.965000, 563 , 834.965000
5.007000, 561 , 835.007000
5.071000, 562 , 835.071000
4.968000, 561 , 834.968000
4.987000, 559 , 834.987000
5.079000, 557 , 835.079000
4.808000, 553 , 834.808000
4.803000, 557 , 834.803000
4.792000, 555 , 834.792000
4.813000, 554 , 834.813000
4.804000, 553 , 834.804000
4.808000, 552 , 834.808000
4.780000, 551 , 834.780000
4.795000, 551 , 844.795000
4.710000, 551 , 844.710000
4.324000, 551 , 844.324000
4.614000, 551 , 844.614000
4.427000, 553 , 844.427000
4.468000, 553 , 844.468000
4.513000, 554 , 844.513000
4.465000, 555 , 844.465000
4.507000, 558 , 844.507000
4.556000, 560 , 844.556000
4.518000, 563 , 844.518000
4.517000, 565 , 844.517000
4.520000, 568 , 844.520000
4.531000, 574 , 844.531000
4.528000, 579 , 844.528000
4.536000, 581 , 844.536000
4.516000, 585 , 844.516000
4.546000, 588 , 844.546000
4.508000, 592 , 844.508000
3.705000, 595 , 843.705000
3.619000, 599 , 843.619000
3.584000, 603 , 843.584000
3.564000, 608 , 843.564000
3.555000, 612 , 843.555000
3.539000, 617 , 843.539000
3.549000, 624 , 843.549000
3.557000, 630 , 843.557000
3.576000, 635 , 843.576000
3.618000, 641 , 843.618000
3.657000, 646 , 843.657000
3.724000, 653 , 843.724000
3.802000, 659 , 843.802000
3.904000, 666 , 843.904000
4.026000, 672 , 844.026000
4.161000, 678 , 844.161000
3.800000, 683 , 843.800000
3.530000, 690 , 843.530000
3.258000, 696 , 843.258000
3.064000, 703 , 843.064000
2.921000, 708 , 842.921000
2.790000, 712 , 842.790000
2.695000, 718 , 842.695000
2.609000, 722 , 842.609000
2.536000, 725 , 842.536000
2.475000, 727 , 842.475000
2.425000, 732 , 842.425000
2.381000, 736 , 842.381000
2.343000, 741 , 842.343000
2.312000, 747 , 842.312000
2.287000, 751 , 842.287000
2.267000, 753 , 842.267000
2.249000, 756 , 842.249000
2.182000, 758 , 842.182000
2.146000, 760 , 842.146000
2.133000, 762 , 842.133000
2.133000, 764 , 842.133000
2.122000, 767 , 842.122000
2.120000, 768 , 842.120000
2.109000, 770 , 842.109000
2.112000, 771 , 842.112000
2.104000, 772 , 842.104000
2.097000, 772 , 842.097000
2.097000, 772 , 852.097000
2.105000, 772 , 852.105000
2.134000, 777 , 852.134000
2.132000, 777 , 852.132000
2.145000, 777 , 852.145000
2.129000, 775 , 852.129000
2.137000, 775 , 852.137000
2.137000, 774 , 852.137000
2.133000, 773 , 852.133000
2.150000, 771 , 852.150000
2.143000, 769 , 852.143000
2.151000, 767 , 852.151000
2.166000, 765 , 852.166000
2.174000, 762 , 852.174000
2.204000, 759 , 852.204000
2.284000, 754 , 852.284000
2.302000, 752 , 852.302000
2.322000, 749 , 852.322000
2.355000, 746 , 852.355000
2.386000, 741 , 852.386000
2.427000, 736 , 852.427000
2.471000, 733 , 852.471000
2.523000, 729 , 852.523000
2.596000, 722 , 852.596000
2.676000, 719 , 852.676000
2.763000, 712 , 852.763000
2.871000, 707 , 852.871000
3.011000, 701 , 853.011000
3.187000, 696 , 853.187000
3.408000, 690 , 853.408000
3.680000, 685 , 853.680000
4.005000, 678 , 854.005000
4.182000, 672 , 854.182000
4.040000, 666 , 854.040000
3.917000, 659 , 853.917000
3.834000, 653 , 853.834000
3.768000, 648 , 853.768000
3.710000, 642 , 853.710000
3.659000, 636 , 853.659000
3.633000, 631 , 853.633000
3.617000, 626 , 853.617000
3.610000, 622 , 853.610000
3.618000, 617 , 853.618000
3.626000, 613 , 853.626000
3.646000, 609 , 853.646000
3.668000, 605 , 853.668000
3.697000, 601 , 853.697000
4.153000, 598 , 854.153000
4.154000, 595 , 854.154000
4.167000, 592 , 854.167000
4.171000, 589 , 854.171000
4.160000, 585 , 854.160000
4.174000, 583 , 854.174000
4.156000, 585 , 854.156000
4.156000, 583 , 854.156000
4.154000, 581 , 854.154000
4.125000, 579 , 854.125000
4.184000, 577 , 854.184000
4.132000, 576 , 854.132000
4.158000, 575 , 854.158000
4.143000, 574 , 854.143000
4.131000, 573 , 854.131000
4.140000, 573 , 854.140000
4.132000, 575 , 864.132000
4.060000, 575 , 864.060000
3.813000, 576 , 863.813000
3.987000, 576 , 863.987000
3.908000, 576 , 863.908000
3.893000, 577 , 863.893000
3.947000, 578 , 863.947000
3.912000, 577 , 863.912000
3.920000, 576 , 863.920000
3.934000, 577 , 863.934000
3.947000, 579 , 863.947000
3.948000, 582 , 863.948000
3.952000, 589 , 863.952000
3.960000, 591 , 863.960000
3.967000, 594 , 863.967000
3.965000, 598 , 863.965000
3.957000, 601 , 863.957000
3.952000, 605 , 863.952000
3.959000, 608 , 863.959000
3.864000, 612 , 863.864000
3.738000, 616 , 863.738000
3.720000, 620 , 863.720000
3.693000, 624 , 863.693000
3.686000, 629 , 863.686000
3.671000, 635 , 863.671000
3.666000, 640 , 863.666000
3.683000, 645 , 863.683000
3.702000, 650 , 863.702000
3.742000, 656 , 863.742000
3.791000, 661 , 863.791000
3.857000, 668 , 863.857000
3.941000, 675 , 863.941000
3.966000, 682 , 863.966000
3.972000, 688 , 863.972000
3.968000, 695 , 863.968000
3.905000, 700 , 863.905000
3.601000, 706 , 863.601000
3.358000, 712 , 863.358000
3.155000, 717 , 863.155000
2.991000, 722 , 862.991000
2.864000, 729 , 862.864000
2.758000, 733 , 862.758000
2.679000, 740 , 862.679000
2.612000, 747 , 862.612000
2.546000, 750 , 862.546000
2.499000, 753 , 862.499000
2.457000, 758 , 862.457000
2.418000, 761 , 862.418000
2.392000, 765 , 862.392000
2.357000, 768 , 862.357000
2.336000, 771 , 862.336000
2.317000, 774 , 862.317000
2.237000, 777 , 862.237000
2.219000, 779 , 862.219000
2.203000, 782 , 862.203000
2.193000, 783 , 862.193000
2.185000, 786 , 862.185000
2.182000, 787 , 862.182000
2.176000, 789 , 862.176000
2.173000, 790 , 862.173000
2.165000, 792 , 862.165000
2.168000, 793 , 862.168000
2.173000, 793 , 872.173000
2.176000, 793 , 872.176000
2.214000, 793 , 872.214000
2.204000, 793 , 872.204000
2.232000, 793 , 872.232000
2.211000, 793 , 872.211000
2.220000, 792 , 872.220000
2.217000, 791 , 872.217000
2.215000, 790 , 872.215000
2.229000, 786 , 872.229000
2.233000, 784 , 872.233000
2.244000, 781 , 872.244000
2.252000, 779 , 872.252000
2.267000, 776 , 872.267000
2.291000, 774 , 872.291000
2.368000, 769 , 872.368000
2.393000, 766 , 872.393000
2.412000, 762 , 872.412000
2.438000, 757 , 872.438000
2.478000, 753 , 872.478000
2.516000, 750 , 872.516000
2.565000, 747 , 872.565000
2.624000, 743 , 872.624000
2.694000, 739 , 872.694000
2.764000, 734 , 872.764000
2.858000, 730 , 872.858000
2.984000, 725 , 872.984000
3.134000, 719 , 873.134000
3.324000, 714 , 873.324000
3.558000, 708 , 873.558000
3.737000, 703 , 873.737000
3.722000, 696 , 873.722000
3.718000, 689 , 873.718000
3.717000, 682 , 873.717000
3.720000, 676 , 873.720000
3.708000, 670 , 873.708000
3.711000, 665 , 873.711000
3.713000, 659 , 873.713000
3.708000, 653 , 873.708000
3.713000, 648 , 873.713000
3.715000, 642 , 873.715000
3.715000, 638 , 873.715000
3.713000, 633 , 873.713000
3.714000, 629 , 873.714000
3.705000, 625 , 873.705000
3.691000, 621 , 873.691000
3.696000, 618 , 873.696000
3.678000, 614 , 873.678000
3.676000, 610 , 873.676000
3.702000, 608 , 873.702000
3.682000, 605 , 873.682000
3.689000, 603 , 873.689000
3.694000, 600 , 873.694000
3.678000, 598 , 873.678000
3.707000, 596 , 873.707000
3.687000, 594 , 873.687000
3.706000, 593 , 873.706000
3.685000, 590 , 873.685000
3.680000, 589 , 873.680000
3.687000, 592 , 873.687000
3.693000, 591 , 873.693000
3.716000, 591 , 873.716000
3.732000, 590 , 873.732000
3.723000, 590 , 883.723000
3.731000, 590 , 883.731000
3.628000, 590 , 883.628000
3.716000, 590 , 883.716000
3.697000, 591 , 883.697000
3.685000, 592 , 883.685000
3.690000, 593 , 883.690000
3.677000, 597 , 883.677000
3.666000, 598 , 883.666000
3.659000, 603 , 883.659000
3.771000, 607 , 883.771000
3.752000, 609 , 883.752000
3.571000, 613 , 883.571000
3.527000, 615 , 883.527000
3.512000, 624 , 883.512000
3.520000, 627 , 883.520000
3.515000, 630 , 883.515000
3.516000, 634 , 883.516000
3.521000, 639 , 883.521000
3.520000, 643 , 883.520000
3.513000, 647 , 883.513000
3.526000, 652 , 883.526000
3.514000, 656 , 883.514000
3.513000, 661 , 883.513000
3.519000, 665 , 883.519000
3.519000, 671 , 883.519000
3.524000, 677 , 883.524000
3.513000, 683 , 883.513000
3.515000, 688 , 883.515000
3.527000, 695 , 883.527000
3.518000, 701 , 883.518000
3.526000, 708 , 883.526000
3.556000, 714 , 883.556000
3.820000, 722 , 883.820000
3.632000, 727 , 883.632000
3.530000, 733 , 883.530000
3.539000, 739 , 883.539000
3.487000, 744 , 883.487000
3.258000, 749 , 883.258000
3.093000, 755 , 883.093000
2.956000, 760 , 882.956000
2.847000, 763 , 882.847000
2.763000, 767 , 882.763000
2.698000, 771 , 882.698000
2.637000, 775 , 882.637000
2.589000, 779 , 882.589000
2.543000, 784 , 882.543000
2.510000, 787 , 882.510000
2.473000, 790 , 882.473000
2.447000, 792 , 882.447000
2.429000, 796 , 882.429000
2.401000, 799 , 882.401000
2.320000, 802 , 882.320000
2.307000, 805 , 882.307000
2.297000, 807 , 882.297000
2.286000, 810 , 882.286000
2.276000, 813 , 882.276000
2.271000, 816 , 882.271000
2.265000, 817 , 882.265000
2.258000, 818 , 882.258000
2.253000, 818 , 882.253000
2.260000, 819 , 882.260000
2.255000, 819 , 892.255000
2.260000, 819 , 892.260000
2.322000, 822 , 892.322000
2.288000, 822 , 892.288000
2.329000, 821 , 892.329000
2.297000, 821 , 892.297000
2.309000, 821 , 892.309000
2.308000, 820 , 892.308000
2.304000, 817 , 892.304000
2.319000, 816 , 892.319000
2.326000, 814 , 892.326000
2.327000, 812 , 892.327000
2.344000, 808 , 892.344000
2.352000, 806 , 892.352000
2.369000, 803 , 892.369000
2.461000, 800 , 892.461000
2.493000, 797 , 892.493000
2.521000, 792 , 892.521000
2.543000, 787 , 892.543000
2.581000, 784 , 892.581000
2.615000, 779 , 892.615000
2.664000, 777 , 892.664000
2.724000, 775 , 892.724000
2.790000, 769 , 892.790000
2.873000, 765 , 892.873000
2.982000, 760 , 892.982000
3.117000, 754 , 893.117000
3.287000, 748 , 893.287000
3.359000, 742 , 893.359000
3.351000, 736 , 893.351000
3.341000, 730 , 893.341000
3.560000, 724 , 893.560000
3.539000, 718 , 893.539000
3.476000, 712 , 893.476000
3.494000, 706 , 893.494000
3.617000, 700 , 893.617000
3.549000, 695 , 893.549000
3.350000, 689 , 893.350000
3.322000, 682 , 893.322000
3.317000, 677 , 893.317000
3.318000, 672 , 893.318000
3.309000, 668 , 893.309000
3.319000, 662 , 893.319000
3.309000, 658 , 893.309000
3.311000, 654 , 893.311000
3.310000, 650 , 893.310000
3.315000, 647 , 893.315000
3.308000, 643 , 893.308000
3.322000, 640 , 893.322000
3.295000, 634 , 893.295000
3.292000, 631 , 893.292000
3.306000, 629 , 893.306000
3.296000, 629 , 893.296000
3.313000, 626 , 893.313000
3.292000, 624 , 893.292000
3.305000, 623 , 893.305000
3.296000, 621 , 893.296000
3.542000, 620 , 893.542000
3.558000, 620 , 893.558000
3.540000, 620 , 893.540000
3.525000, 622 , 893.525000
3.524000, 621 , 893.524000
3.522000, 621 , 893.522000
3.502000, 621 , 903.502000
3.457000, 620 , 903.457000
3.139000, 621 , 903.139000
3.328000, 624 , 903.328000
3.337000, 624 , 903.337000
3.323000, 623 , 903.323000
3.325000, 624 , 903.325000
3.320000, 625 , 903.320000
3.180000, 630 , 903.180000
3.164000, 634 , 903.164000
3.168000, 634 , 903.168000
3.173000, 636 , 903.173000
3.169000, 635 , 903.169000
3.169000, 638 , 903.169000
3.173000, 640 , 903.173000
3.171000, 643 , 903.171000
3.170000, 647 , 903.170000
3.169000, 650 , 903.169000
3.172000, 654 , 903.172000
3.166000, 657 , 903.166000
3.175000, 661 , 903.175000
3.170000, 666 , 903.170000
3.169000, 671 , 903.169000
3.167000, 675 , 903.167000
3.217000, 680 , 903.217000
3.209000, 685 , 903.209000
3.206000, 690 , 903.206000
3.205000, 696 , 903.205000
3.329000, 701 , 903.329000
3.362000, 707 , 903.362000
3.398000, 713 , 903.398000
3.393000, 719 , 903.393000
3.389000, 726 , 903.389000
3.385000, 732 , 903.385000
3.381000, 738 , 903.381000
3.187000, 744 , 903.187000
3.190000, 749 , 903.190000
3.198000, 755 , 903.198000
3.201000, 761 , 903.201000
3.217000, 764 , 903.217000
3.100000, 770 , 903.100000
2.978000, 773 , 902.978000
2.880000, 777 , 902.880000
2.811000, 783 , 902.811000
2.741000, 788 , 902.741000
2.697000, 792 , 902.697000
2.655000, 796 , 902.655000
2.612000, 799 , 902.612000
2.581000, 803 , 902.581000
2.558000, 808 , 902.558000
2.536000, 812 , 902.536000
2.470000, 814 , 902.470000
2.427000, 817 , 902.427000
2.406000, 819 , 902.406000
2.392000, 821 , 902.392000
2.397000, 823 , 902.397000
2.392000, 824 , 902.392000
2.379000, 825 , 902.379000
2.376000, 826 , 902.376000
2.376000, 827 , 902.376000
2.369000, 828 , 902.369000
2.372000, 828 , 902.372000
2.368000, 829 , 912.368000
2.380000, 829 , 912.380000
2.457000, 829 , 912.457000
2.402000, 829 , 912.402000
2.457000, 829 , 912.457000
2.418000, 828 , 912.418000
2.430000, 828 , 912.430000
2.431000, 827 , 912.431000
2.427000, 826 , 912.427000
2.437000, 824 , 912.437000
2.442000, 822 , 912.442000
2.448000, 820 , 912.448000
2.459000, 818 , 912.459000
2.478000, 815 , 912.478000
2.491000, 812 , 912.491000
2.592000, 806 , 912.592000
2.607000, 803 , 912.607000
2.637000, 799 , 912.637000
2.666000, 797 , 912.666000
2.700000, 794 , 912.700000
2.743000, 790 , 912.743000
2.799000, 786 , 912.799000
2.859000, 783 , 912.859000
2.940000, 777 , 912.940000
3.044000, 772 , 913.044000
3.061000, 770 , 913.061000
3.059000, 764 , 913.059000
3.049000, 759 , 913.049000
3.045000, 753 , 913.045000
3.050000, 746 , 913.050000
3.036000, 740 , 913.036000
3.027000, 733 , 913.027000
3.025000, 726 , 913.025000
3.224000, 719 , 913.224000
3.175000, 713 , 913.175000
3.223000, 706 , 913.223000
3.214000, 701 , 913.214000
3.206000, 695 , 913.206000
3.052000, 689 , 913.052000
3.040000, 684 , 913.040000
3.032000, 679 , 913.032000
3.048000, 675 , 913.048000
3.030000, 671 , 913.030000
3.007000, 666 , 913.007000
3.003000, 662 , 913.003000
3.008000, 659 , 913.008000
2.997000, 655 , 912.997000
3.008000, 652 , 913.008000
3.002000, 648 , 913.002000
2.992000, 645 , 912.992000
3.005000, 642 , 913.005000
2.991000, 639 , 912.991000
2.990000, 637 , 912.990000
3.001000, 636 , 913.001000
2.988000, 634 , 912.988000
3.011000, 631 , 913.011000
2.994000, 629 , 912.994000
2.989000, 628 , 912.989000
2.990000, 628 , 912.990000
2.991000, 627 , 912.991000
3.003000, 626 , 913.003000
2.998000, 625 , 912.998000
2.992000, 625 , 922.992000
2.978000, 625 , 922.978000
2.915000, 627 , 922.915000
2.865000, 627 , 922.865000
2.884000, 627 , 922.884000
2.904000, 627 , 922.904000
2.871000, 630 , 922.871000
2.881000, 630 , 922.881000
2.898000, 630 , 922.898000
2.894000, 631 , 922.894000
2.891000, 633 , 922.891000
2.894000, 635 , 922.894000
2.896000, 637 , 922.896000
2.895000, 640 , 922.895000
2.899000, 645 , 922.899000
2.894000, 648 , 922.894000
2.905000, 651 , 922.905000
2.898000, 654 , 922.898000
2.888000, 658 , 922.888000
2.887000, 661 , 922.887000
2.899000, 666 , 922.899000
2.897000, 671 , 922.897000
2.904000, 678 , 922.904000
2.900000, 683 , 922.900000
2.907000, 687 , 922.907000
2.931000, 692 , 922.931000
2.924000, 697 , 922.924000
2.932000, 702 , 922.932000
2.929000, 707 , 922.929000
2.907000, 714 , 922.907000
3.073000, 720 , 923.073000
2.960000, 726 , 922.960000
2.909000, 732 , 922.909000
2.908000, 738 , 922.908000
2.915000, 744 , 922.915000
2.914000, 751 , 922.914000
2.919000, 757 , 922.919000
2.925000, 762 , 922.925000
2.924000, 766 , 922.924000
2.933000, 774 , 922.933000
2.931000, 779 , 922.931000
2.936000, 784 , 922.936000
2.936000, 788 , 922.936000
2.940000, 792 , 922.940000
2.939000, 797 , 922.939000
2.897000, 802 , 922.897000
2.839000, 806 , 922.839000
2.784000, 810 , 922.784000
2.755000, 814 , 922.755000
2.721000, 817 , 922.721000
2.693000, 821 , 922.693000
2.671000, 824 , 922.671000
2.577000, 827 , 922.577000
2.552000, 829 , 922.552000
2.538000, 831 , 922.538000
2.528000, 834 , 922.528000
2.523000, 836 , 922.523000
2.513000, 838 , 922.513000
2.508000, 839 , 922.508000
2.501000, 840 , 922.501000
2.494000, 842 , 922.494000
2.492000, 842 , 922.492000
2.486000, 843 , 922.486000
2.484000, 843 , 932.484000
2.489000, 843 , 932.489000
2.597000, 843 , 932.597000
2.530000, 842 , 932.530000
2.589000, 842 , 932.589000
2.554000, 842 , 932.554000
2.554000, 841 , 932.554000
2.564000, 839 , 932.564000
2.556000, 838 , 932.556000
2.573000, 836 , 932.573000
2.574000, 833 , 932.574000
2.576000, 831 , 932.576000
2.598000, 827 , 932.598000
2.609000, 826 , 932.609000
2.618000, 826 , 932.618000
2.731000, 822 , 932.731000
2.761000, 821 , 932.761000
2.787000, 819 , 932.787000
2.815000, 815 , 932.815000
2.831000, 811 , 932.831000
2.827000, 807 , 932.827000
2.828000, 803 , 932.828000
2.820000, 799 , 932.820000
2.819000, 795 , 932.819000
2.815000, 790 , 932.815000
2.809000, 785 , 932.809000
2.814000, 778 , 932.814000
2.809000, 773 , 932.809000
2.809000, 767 , 932.809000
2.801000, 761 , 932.801000
2.798000, 756 , 932.798000
2.799000, 749 , 932.799000
2.790000, 743 , 932.790000
2.787000, 737 , 932.787000
2.791000, 730 , 932.791000
2.791000, 724 , 932.791000
2.784000, 718 , 932.784000
2.781000, 712 , 932.781000
2.783000, 707 , 932.783000
2.781000, 702 , 932.781000
2.778000, 696 , 932.778000
2.778000, 691 , 932.778000
2.775000, 686 , 932.775000
2.780000, 682 , 932.780000
2.778000, 680 , 932.778000
2.773000, 676 , 932.773000
2.769000, 672 , 932.769000
2.767000, 669 , 932.767000
2.764000, 667 , 932.764000
2.766000, 664 , 932.766000
2.769000, 661 , 932.769000
2.761000, 659 , 932.761000
2.768000, 658 , 932.768000
2.758000, 656 , 932.758000
2.763000, 654 , 932.763000
2.760000, 651 , 932.760000
2.755000, 650 , 932.755000
2.762000, 647 , 932.762000
2.755000, 643 , 932.755000
2.764000, 641 , 932.764000
2.761000, 642 , 932.761000
2.760000, 645 , 932.760000
2.759000, 644 , 942.759000
2.747000, 644 , 942.747000
2.702000, 643 , 942.702000
2.672000, 643 , 942.672000
2.666000, 643 , 942.666000
2.691000, 645 , 942.691000
2.675000, 645 , 942.675000
2.682000, 647 , 942.682000
2.687000, 648 , 942.687000
2.693000, 650 , 942.693000
2.692000, 653 , 942.692000
2.691000, 659 , 942.691000
2.694000, 661 , 942.694000
2.693000, 664 , 942.693000
2.695000, 667 , 942.695000
2.693000, 670 , 942.693000
2.695000, 673 , 942.695000
2.693000, 676 , 942.693000
2.697000, 679 , 942.697000
2.703000, 683 , 942.703000
2.702000, 687 , 942.702000
2.702000, 692 , 942.702000
2.698000, 698 , 942.698000
2.698000, 702 , 942.698000
2.702000, 707 , 942.702000
2.702000, 712 , 942.702000
2.705000, 717 , 942.705000
2.704000, 722 , 942.704000
2.701000, 727 , 942.701000
2.709000, 734 , 942.709000
2.707000, 740 , 942.707000
2.707000, 746 , 942.707000
2.732000, 753 , 942.732000
2.713000, 759 , 942.713000
2.712000, 766 , 942.712000
2.715000, 773 , 942.715000
2.719000, 780 , 942.719000
2.715000, 785 , 942.715000
2.718000, 790 , 942.718000
2.716000, 796 , 942.716000
2.716000, 805 , 942.716000
2.721000, 810 , 942.721000
2.730000, 813 , 942.730000
2.723000, 815 , 942.723000
2.735000, 819 , 942.735000
2.728000, 823 , 942.728000
2.728000, 828 , 942.728000
2.734000, 831 , 942.734000
2.736000, 836 , 942.736000
2.734000, 838 , 942.734000
2.731000, 842 , 942.731000
2.728000, 844 , 942.728000
2.712000, 847 , 942.712000
2.700000, 849 , 942.700000
2.679000, 851 , 942.679000
2.670000, 853 , 942.670000
2.666000, 854 , 942.666000
2.660000, 855 , 942.660000
2.651000, 857 , 942.651000
2.641000, 859 , 942.641000
2.645000, 860 , 942.645000
2.639000, 864 , 942.639000
2.637000, 864 , 942.637000
2.637000, 864 , 952.637000
2.645000, 867 , 952.645000
2.591000, 867 , 952.591000
2.665000, 867 , 952.665000
2.619000, 867 , 952.619000
2.641000, 866 , 952.641000
2.653000, 866 , 952.653000
2.628000, 865 , 952.628000
2.644000, 862 , 952.644000
2.649000, 858 , 952.649000
2.643000, 857 , 952.643000
2.648000, 854 , 952.648000
2.647000, 852 , 952.647000
2.642000, 850 , 952.642000
2.648000, 847 , 952.648000
2.648000, 844 , 952.648000
2.650000, 843 , 952.650000
2.646000, 840 , 952.646000
2.642000, 834 , 952.642000
2.636000, 830 , 952.636000
2.636000, 827 , 952.636000
2.647000, 825 , 952.647000
2.655000, 820 , 952.655000
2.640000, 815 , 952.640000
2.627000, 811 , 952.627000
2.631000, 805 , 952.631000
2.633000, 800 , 952.633000
2.620000, 794 , 952.620000
2.622000, 789 , 952.622000
2.627000, 783 , 952.627000
2.626000, 776 , 952.626000
2.635000, 770 , 952.635000
2.619000, 763 , 952.619000
2.612000, 757 , 952.612000
2.612000, 751 , 952.612000
2.612000, 745 , 952.612000
2.611000, 740 , 952.611000
2.604000, 733 , 952.604000
2.603000, 727 , 952.603000
2.600000, 722 , 952.600000
2.602000, 718 , 952.602000
2.611000, 713 , 952.611000
2.613000, 709 , 952.613000
2.603000, 705 , 952.603000
2.609000, 701 , 952.609000
2.600000, 697 , 952.600000
2.596000, 693 , 952.596000
2.597000, 690 , 952.597000
2.591000, 687 , 952.591000
2.587000, 684 , 952.587000
2.578000, 681 , 952.578000
2.583000, 679 , 952.583000
2.595000, 676 , 952.595000
2.582000, 673 , 952.582000
2.585000, 671 , 952.585000
2.585000, 668 , 952.585000
2.583000, 667 , 952.583000
2.583000, 666 , 952.583000
2.582000, 664 , 952.582000
2.584000, 664 , 952.584000
2.582000, 665 , 952.582000
2.580000, 664 , 952.580000
2.583000, 664 , 962.583000
2.573000, 664 , 962.573000
2.525000, 664 , 962.525000
2.520000, 667 , 962.520000
2.507000, 667 , 962.507000
2.529000, 667 , 962.529000
2.525000, 668 , 962.525000
2.524000, 668 , 962.524000
2.522000, 672 , 962.522000
2.538000, 672 , 962.538000
2.542000, 675 , 962.542000
2.538000, 677 , 962.538000
2.530000, 679 , 962.530000
2.536000, 683 , 962.536000
2.535000, 686 , 962.535000
2.537000, 689 , 962.537000
2.530000, 692 , 962.530000
2.532000, 696 , 962.532000
2.532000, 700 , 962.532000
2.535000, 704 , 962.535000
2.530000, 708 , 962.530000
2.533000, 712 , 962.533000
2.534000, 717 , 962.534000
2.534000, 721 , 962.534000
2.536000, 727 , 962.536000
2.529000, 731 , 962.529000
2.538000, 737 , 962.538000
2.533000, 743 , 962.533000
2.536000, 748 , 962.536000
2.534000, 754 , 962.534000
2.541000, 760 , 962.541000
2.536000, 766 , 962.536000
2.544000, 772 , 962.544000
2.552000, 780 , 962.552000
2.547000, 786 , 962.547000
2.547000, 792 , 962.547000
2.546000, 797 , 962.546000
2.548000, 805 , 962.548000
2.546000, 810 , 962.546000
2.544000, 815 , 962.544000
2.547000, 820 , 962.547000
2.550000, 825 , 962.550000
2.549000, 830 , 962.549000
2.692000, 835 , 962.692000
2.714000, 840 , 962.714000
2.728000, 845 , 962.728000
2.721000, 849 , 962.721000
2.656000, 853 , 962.656000
2.568000, 854 , 962.568000
2.563000, 861 , 962.563000
2.551000, 863 , 962.551000
2.552000, 866 , 962.552000
2.554000, 868 , 962.554000
2.555000, 871 , 962.555000
2.558000, 873 , 962.558000
2.554000, 874 , 962.554000
2.555000, 874 , 962.555000
2.557000, 876 , 962.557000
2.552000, 877 , 962.552000
2.561000, 878 , 962.561000
2.563000, 879 , 962.563000
2.563000, 879 , 962.563000
2.561000, 881 , 962.561000
2.556000, 881 , 972.556000
2.546000, 881 , 972.546000
2.444000, 881 , 972.444000
2.516000, 878 , 972.516000
2.483000, 878 , 972.483000
2.484000, 878 , 972.484000
2.495000, 877 , 972.495000
2.474000, 876 , 972.474000
2.491000, 874 , 972.491000
2.492000, 873 , 972.492000
2.481000, 872 , 972.481000
2.487000, 869 , 972.487000
2.489000, 866 , 972.489000
2.480000, 864 , 972.480000
2.487000, 861 , 972.487000
2.626000, 856 , 972.626000
2.645000, 853 , 972.645000
2.651000, 855 , 972.651000
2.615000, 851 , 972.615000
2.653000, 848 , 972.653000
2.645000, 845 , 972.645000
2.647000, 837 , 972.647000
2.623000, 836 , 972.623000
2.617000, 836 , 972.617000
2.567000, 835 , 972.567000
2.473000, 830 , 972.473000
2.470000, 825 , 972.470000
2.471000, 819 , 972.471000
2.467000, 813 , 972.467000
2.466000, 807 , 972.466000
2.465000, 800 , 972.465000
2.468000, 794 , 972.468000
2.462000, 788 , 972.462000
2.459000, 782 , 972.459000
2.460000, 776 , 972.460000
2.464000, 770 , 972.464000
2.460000, 765 , 972.460000
2.460000, 759 , 972.460000
2.457000, 753 , 972.457000
2.449000, 748 , 972.449000
2.456000, 743 , 972.456000
2.451000, 738 , 972.451000
2.450000, 733 , 972.450000
2.453000, 728 , 972.453000
2.450000, 725 , 972.450000
2.457000, 721 , 972.457000
2.446000, 717 , 972.446000
2.441000, 714 , 972.441000
2.448000, 711 , 972.448000
2.449000, 709 , 972.449000
2.446000, 707 , 972.446000
2.450000, 708 , 972.450000
2.440000, 705 , 972.440000
2.442000, 703 , 972.442000
2.443000, 702 , 972.443000
2.442000, 700 , 972.442000
2.440000, 698 , 972.440000
2.440000, 699 , 972.440000
2.442000, 698 , 972.442000
2.434000, 697 , 972.434000
2.435000, 695 , 972.435000
2.440000, 695 , 972.440000
2.445000, 694 , 982.445000
2.429000, 694 , 982.429000
2.394000, 694 , 982.394000
2.390000, 694 , 982.390000
2.367000, 693 , 982.367000
2.388000, 695 , 982.388000
2.384000, 695 , 982.384000
2.385000, 697 , 982.385000
2.387000, 698 , 982.387000
2.392000, 701 , 982.392000
2.396000, 702 , 982.396000
2.403000, 704 , 982.403000
2.394000, 707 , 982.394000
2.402000, 709 , 982.402000
2.398000, 712 , 982.398000
2.405000, 713 , 982.405000
2.408000, 718 , 982.408000
2.402000, 721 , 982.402000
2.408000, 725 , 982.408000
2.403000, 728 , 982.403000
2.400000, 732 , 982.400000
2.408000, 737 , 982.408000
2.408000, 741 , 982.408000
2.409000, 747 , 982.409000
2.406000, 751 , 982.406000
2.406000, 756 , 982.406000
2.401000, 761 , 982.401000
2.394000, 767 , 982.394000
2.406000, 774 , 982.406000
2.405000, 781 , 982.405000
2.406000, 786 , 982.406000
2.404000, 792 , 982.404000
2.403000, 800 , 982.403000
2.403000, 806 , 982.403000
2.408000, 812 , 982.408000
2.405000, 820 , 982.405000
2.415000, 825 , 982.415000
2.412000, 831 , 982.412000
2.418000, 838 , 982.418000
2.414000, 844 , 982.414000
2.416000, 850 , 982.416000
2.531000, 854 , 982.531000
2.557000, 861 , 982.557000
2.578000, 865 , 982.578000
2.586000, 869 , 982.586000
2.574000, 873 , 982.574000
2.584000, 876 , 982.584000
2.534000, 882 , 982.534000
2.557000, 886 , 982.557000
2.552000, 888 , 982.552000
2.567000, 892 , 982.567000
2.424000, 894 , 982.424000
2.420000, 897 , 982.420000
2.421000, 899 , 982.421000
2.418000, 902 , 982.418000
2.423000, 905 , 982.423000
2.418000, 910 , 982.418000
2.420000, 911 , 982.420000
2.421000, 912 , 982.421000
2.414000, 913 , 982.414000
2.413000, 914 , 982.413000
2.415000, 915 , 982.415000
2.416000, 915 , 982.416000
2.415000, 915 , 992.415000
2.399000, 915 , 992.399000
2.317000, 917 , 992.317000
2.377000, 919 , 992.377000
2.355000, 918 , 992.355000
2.346000, 918 , 992.346000
2.368000, 918 , 992.368000
2.352000, 916 , 992.352000
2.351000, 915 , 992.351000
2.362000, 913 , 992.362000
2.355000, 911 , 992.355000
2.361000, 909 , 992.361000
2.359000, 907 , 992.359000
2.347000, 904 , 992.347000
2.353000, 901 , 992.353000
2.353000, 898 , 992.353000
2.406000, 895 , 992.406000
2.508000, 894 , 992.508000
2.508000, 890 , 992.508000
2.487000, 887 , 992.487000
2.501000, 883 , 992.501000
2.485000, 878 , 992.485000
2.503000, 871 , 992.503000
2.522000, 865 , 992.522000
2.496000, 859 , 992.496000
2.484000, 854 , 992.484000
2.464000, 849 , 992.464000
2.340000, 844 , 992.340000
2.343000, 837 , 992.343000
2.332000, 831 , 992.332000
2.344000, 825 , 992.344000
2.336000, 818 , 992.336000
2.332000, 812 , 992.332000
2.336000, 805 , 992.336000
2.335000, 799 , 992.335000
2.334000, 793 , 992.334000
2.330000, 788 , 992.330000
2.332000, 782 , 992.332000
2.331000, 777 , 992.331000
2.330000, 772 , 992.330000
2.327000, 768 , 992.327000
2.326000, 762 , 992.326000
2.321000, 758 , 992.321000
2.331000, 754 , 992.331000
2.333000, 749 , 992.333000
2.333000, 744 , 992.333000
2.348000, 741 , 992.348000
2.352000, 737 , 992.352000
2.353000, 734 , 992.353000
2.349000, 730 , 992.349000
2.341000, 727 , 992.341000
2.340000, 725 , 992.340000
2.337000, 723 , 992.337000
2.323000, 721 , 992.323000
2.316000, 719 , 992.316000
2.323000, 717 , 992.323000
2.320000, 715 , 992.320000
2.324000, 713 , 992.324000
2.325000, 710 , 992.325000
2.328000, 708 , 992.328000
2.324000, 708 , 992.324000
2.327000, 708 , 992.327000
2.324000, 709 , 1002.324000
2.318000, 707 , 1002.318000
2.270000, 707 , 1002.270000
2.290000, 708 , 1002.290000
2.269000, 708 , 1002.269000
2.278000, 708 , 1002.278000
2.281000, 708 , 1002.281000
2.281000, 709 , 1002.281000
2.281000, 711 , 1002.281000
2.282000, 710 , 1002.282000
2.281000, 711 , 1002.281000
2.284000, 713 , 1002.284000
2.284000, 716 , 1002.284000
2.300000, 719 , 1002.300000
2.313000, 722 , 1002.313000
2.307000, 725 , 1002.307000
2.304000, 729 , 1002.304000
2.307000, 732 , 1002.307000
2.312000, 735 , 1002.312000
2.309000, 739 , 1002.309000
2.289000, 744 , 1002.289000
2.288000, 748 , 1002.288000
2.292000, 752 , 1002.292000
2.280000, 756 , 1002.280000
2.278000, 761 , 1002.278000
2.276000, 767 , 1002.276000
2.280000, 773 , 1002.280000
2.281000, 779 , 1002.281000
2.277000, 786 , 1002.277000
2.285000, 791 , 1002.285000
2.276000, 798 , 1002.276000
2.281000, 804 , 1002.281000
2.283000, 812 , 1002.283000
2.279000, 820 , 1002.279000
2.281000, 826 , 1002.281000
2.282000, 831 , 1002.282000
2.280000, 837 , 1002.280000
2.286000, 842 , 1002.286000
2.320000, 849 , 1002.320000
2.447000, 854 , 1002.447000
2.437000, 858 , 1002.437000
2.431000, 864 , 1002.431000
2.447000, 869 , 1002.447000
2.436000, 874 , 1002.436000
2.436000, 879 , 1002.436000
2.425000, 881 , 1002.425000
2.433000, 885 , 1002.433000
2.451000, 889 , 1002.451000
2.436000, 893 , 1002.436000
2.375000, 896 , 1002.375000
2.293000, 898 , 1002.293000
2.288000, 901 , 1002.288000
2.293000, 904 , 1002.293000
2.293000, 907 , 1002.293000
2.295000, 909 , 1002.295000
2.285000, 911 , 1002.285000
2.292000, 912 , 1002.292000
2.293000, 914 , 1002.293000
2.293000, 915 , 1002.293000
2.290000, 917 , 1002.290000
2.292000, 919 , 1002.292000
2.292000, 919 , 1002.292000
2.294000, 920 , 1002.294000
2.288000, 920 , 1012.288000
2.265000, 920 , 1012.265000
2.222000, 920 , 1012.222000
2.250000, 920 , 1012.250000
2.249000, 920 , 1012.249000
2.234000, 919 , 1012.234000
2.252000, 919 , 1012.252000
2.241000, 918 , 1012.241000
2.235000, 914 , 1012.235000
2.250000, 911 , 1012.250000
2.247000, 909 , 1012.247000
2.248000, 907 , 1012.248000
2.245000, 905 , 1012.245000
2.240000, 902 , 1012.240000
2.239000, 899 , 1012.239000
2.241000, 895 , 1012.241000
2.247000, 892 , 1012.247000
2.257000, 894 , 1012.257000
2.399000, 891 , 1012.399000
2.376000, 888 , 1012.376000
2.387000, 883 , 1012.387000
2.358000, 878 , 1012.358000
2.387000, 872 , 1012.387000
2.389000, 868 , 1012.389000
2.387000, 861 , 1012.387000
2.390000, 856 , 1012.390000
2.379000, 851 , 1012.379000
2.368000, 846 , 1012.368000
2.373000, 839 , 1012.373000
2.245000, 833 , 1012.245000
2.229000, 829 , 1012.229000
2.224000, 823 , 1012.224000
2.226000, 817 , 1012.226000
2.228000, 811 , 1012.228000
2.230000, 805 , 1012.230000
2.226000, 799 , 1012.226000
2.225000, 794 , 1012.225000
2.222000, 788 , 1012.222000
2.222000, 783 , 1012.222000
2.219000, 778 , 1012.219000
2.218000, 774 , 1012.218000
2.221000, 768 , 1012.221000
2.218000, 764 , 1012.218000
2.230000, 761 , 1012.230000
2.231000, 755 , 1012.231000
2.228000, 750 , 1012.228000
2.228000, 747 , 1012.228000
2.265000, 743 , 1012.265000
2.291000, 743 , 1012.291000
2.311000, 740 , 1012.311000
2.249000, 739 , 1012.249000
2.233000, 736 , 1012.233000
2.243000, 733 , 1012.243000
2.245000, 731 , 1012.245000
2.230000, 730 , 1012.230000
2.222000, 727 , 1012.222000
2.210000, 725 , 1012.210000
2.216000, 724 , 1012.216000
2.215000, 722 , 1012.215000
2.216000, 722 , 1012.216000
2.212000, 721 , 1012.212000
2.213000, 720 , 1012.213000
2.222000, 720 , 1022.222000
2.216000, 720 , 1022.216000
2.178000, 720 , 1022.178000
2.193000, 720 , 1022.193000
2.183000, 720 , 1022.183000
2.181000, 721 , 1022.181000
2.191000, 721 , 1022.191000
2.185000, 724 , 1022.185000
2.185000, 725 , 1022.185000
2.185000, 729 , 1022.185000
2.189000, 731 , 1022.189000
2.182000, 732 , 1022.182000
2.182000, 734 , 1022.182000
2.192000, 738 , 1022.192000
2.189000, 740 , 1022.189000
2.193000, 744 , 1022.193000
2.214000, 747 , 1022.214000
2.219000, 752 , 1022.219000
2.236000, 755 , 1022.236000
2.201000, 759 , 1022.201000
2.194000, 763 , 1022.194000
2.188000, 767 , 1022.188000
2.194000, 771 , 1022.194000
2.182000, 775 , 1022.182000
2.180000, 781 , 1022.180000
2.183000, 786 , 1022.183000
2.182000, 791 , 1022.182000
2.178000, 796 , 1022.178000
2.178000, 803 , 1022.178000
2.182000, 808 , 1022.182000
2.182000, 815 , 1022.182000
2.182000, 823 , 1022.182000
2.187000, 831 , 1022.187000
2.182000, 838 , 1022.182000
2.183000, 844 , 1022.183000
2.219000, 849 , 1022.219000
2.346000, 856 , 1022.346000
2.324000, 861 , 1022.324000
2.326000, 866 , 1022.326000
2.342000, 871 , 1022.342000
2.337000, 876 , 1022.337000
2.329000, 881 , 1022.329000
2.339000, 885 , 1022.339000
2.343000, 892 , 1022.343000
2.308000, 897 , 1022.308000
2.347000, 902 , 1022.347000
2.322000, 907 , 1022.322000
2.320000, 910 , 1022.320000
2.198000, 913 , 1022.198000
2.188000, 916 , 1022.188000
2.186000, 921 , 1022.186000
2.188000, 924 , 1022.188000
2.188000, 927 , 1022.188000
2.184000, 929 , 1022.184000
2.189000, 931 , 1022.189000
2.185000, 933 , 1022.185000
2.188000, 936 , 1022.188000
2.189000, 937 , 1022.189000
2.192000, 938 , 1022.192000
2.190000, 939 , 1022.190000
2.191000, 940 , 1022.191000
2.182000, 941 , 1022.182000
2.184000, 941 , 1022.184000
2.185000, 941 , 1032.185000
2.171000, 941 , 1032.171000
2.129000, 941 , 1032.129000
2.162000, 940 , 1032.162000
2.153000, 937 , 1032.153000
2.135000, 937 , 1032.135000
2.155000, 936 , 1032.155000
2.151000, 935 , 1032.151000
2.142000, 933 , 1032.142000
2.153000, 930 , 1032.153000
2.145000, 929 , 1032.145000
2.148000, 926 , 1032.148000
2.149000, 924 , 1032.149000
2.150000, 921 , 1032.150000
2.143000, 919 , 1032.143000
2.142000, 914 , 1032.142000
2.145000, 911 , 1032.145000
2.143000, 908 , 1032.143000
2.146000, 906 , 1032.146000
2.234000, 901 , 1032.234000
2.292000, 897 , 1032.292000
2.289000, 892 , 1032.289000
2.287000, 887 , 1032.287000
2.284000, 882 , 1032.284000
2.290000, 876 , 1032.290000
2.290000, 871 , 1032.290000
2.298000, 866 , 1032.298000
2.298000, 860 , 1032.298000
2.287000, 855 , 1032.287000
2.277000, 849 , 1032.277000
2.266000, 843 , 1032.266000
2.295000, 836 , 1032.295000
2.183000, 830 , 1032.183000
2.136000, 824 , 1032.136000
2.132000, 818 , 1032.132000
2.132000, 812 , 1032.132000
2.125000, 807 , 1032.125000
2.129000, 800 , 1032.129000
2.131000, 795 , 1032.131000
2.133000, 790 , 1032.133000
2.134000, 786 , 1032.134000
2.132000, 781 , 1032.132000
2.126000, 777 , 1032.126000
2.128000, 773 , 1032.128000
2.139000, 769 , 1032.139000
2.139000, 764 , 1032.139000
2.137000, 761 , 1032.137000
2.135000, 756 , 1032.135000
2.130000, 753 , 1032.130000
2.137000, 751 , 1032.137000
2.132000, 747 , 1032.132000
2.129000, 743 , 1032.129000
2.128000, 741 , 1032.128000
2.121000, 739 , 1032.121000
2.124000, 737 , 1032.124000
2.117000, 736 , 1032.117000
2.111000, 735 , 1032.111000
2.105000, 735 , 1032.105000
2.107000, 733 , 1032.107000
2.104000, 732 , 1032.104000
2.110000, 730 , 1032.110000
2.113000, 731 , 1032.113000
2.110000, 731 , 1042.110000
2.108000, 728 , 1042.108000
2.074000, 728 , 1042.074000
2.087000, 727 , 1042.087000
2.088000, 728 , 1042.088000
2.086000, 728 , 1042.086000
2.084000, 728 , 1042.084000
2.084000, 729 , 1042.084000
2.083000, 732 , 1042.083000
2.088000, 736 , 1042.088000
2.086000, 736 , 1042.086000
2.088000, 738 , 1042.088000
2.087000, 739 , 1042.087000
2.088000, 742 , 1042.088000
2.090000, 745 , 1042.090000
2.084000, 747 , 1042.084000
2.088000, 751 , 1042.088000
2.102000, 754 , 1042.102000
2.103000, 760 , 1042.103000
2.093000, 763 , 1042.093000
2.101000, 767 , 1042.101000
2.099000, 771 , 1042.099000
2.100000, 776 , 1042.100000
2.095000, 781 , 1042.095000
2.090000, 788 , 1042.090000
2.090000, 793 , 1042.090000
2.090000, 798 , 1042.090000
2.094000, 806 , 1042.094000
2.106000, 812 , 1042.106000
2.103000, 818 , 1042.103000
2.100000, 824 , 1042.100000
2.098000, 830 , 1042.098000
2.096000, 836 , 1042.096000
2.108000, 842 , 1042.108000
2.242000, 849 , 1042.242000
2.237000, 856 , 1042.237000
2.247000, 862 , 1042.247000
2.264000, 867 , 1042.264000
2.254000, 873 , 1042.254000
2.239000, 878 , 1042.239000
2.252000, 883 , 1042.252000
2.248000, 888 , 1042.248000
2.241000, 893 , 1042.241000
2.263000, 897 , 1042.263000
2.237000, 903 , 1042.237000
2.244000, 907 , 1042.244000
2.137000, 910 , 1042.137000
2.101000, 912 , 1042.101000
2.108000, 916 , 1042.108000
2.104000, 920 , 1042.104000
2.102000, 921 , 1042.102000
2.102000, 924 , 1042.102000
2.106000, 927 , 1042.106000
2.105000, 933 , 1042.105000
2.107000, 935 , 1042.107000
2.105000, 936 , 1042.105000
2.111000, 941 , 1042.111000
2.109000, 943 , 1042.109000
2.105000, 944 , 1042.105000
2.103000, 945 , 1042.103000
2.104000, 947 , 1042.104000
2.105000, 947 , 1042.105000
2.110000, 947 , 1052.110000
2.102000, 947 , 1052.102000
2.085000, 949 , 1052.085000
2.059000, 949 , 1052.059000
2.062000, 953 , 1052.062000
2.084000, 953 , 1052.084000
2.062000, 952 , 1052.062000
2.065000, 952 , 1052.065000
2.077000, 950 , 1052.077000
2.067000, 949 , 1052.067000
2.067000, 946 , 1052.067000
2.068000, 941 , 1052.068000
2.068000, 939 , 1052.068000
2.063000, 936 , 1052.063000
2.067000, 934 , 1052.067000
2.068000, 932 , 1052.068000
2.061000, 929 , 1052.061000
2.069000, 926 , 1052.069000
2.068000, 922 , 1052.068000
2.067000, 919 , 1052.067000
2.061000, 915 , 1052.061000
2.079000, 911 , 1052.079000
2.201000, 907 , 1052.201000
2.211000, 903 , 1052.211000
2.215000, 900 , 1052.215000
2.206000, 895 , 1052.206000
2.194000, 892 , 1052.194000
2.204000, 887 , 1052.204000
2.176000, 882 , 1052.176000
2.210000, 876 , 1052.210000
2.215000, 870 , 1052.215000
2.231000, 863 , 1052.231000
2.119000, 855 , 1052.119000
2.058000, 849 , 1052.058000
2.057000, 843 , 1052.057000
2.056000, 837 , 1052.056000
2.057000, 831 , 1052.057000
2.058000, 826 , 1052.058000
2.049000, 820 , 1052.049000
2.060000, 815 , 1052.060000
2.047000, 810 , 1052.047000
2.052000, 806 , 1052.052000
2.056000, 799 , 1052.056000
2.054000, 795 , 1052.054000
2.057000, 791 , 1052.057000
2.052000, 788 , 1052.052000
2.046000, 785 , 1052.046000
2.051000, 781 , 1052.051000
2.047000, 777 , 1052.047000
2.058000, 773 , 1052.058000
2.046000, 770 , 1052.046000
2.046000, 768 , 1052.046000
2.044000, 766 , 1052.044000
2.044000, 762 , 1052.044000
2.048000, 759 , 1052.048000
2.042000, 758 , 1052.042000
2.032000, 756 , 1052.032000
2.039000, 755 , 1052.039000
2.033000, 752 , 1052.033000
2.039000, 752 , 1052.039000
2.036000, 749 , 1052.036000
2.033000, 749 , 1052.033000
2.033000, 746 , 1052.033000
2.039000, 747 , 1062.039000
2.035000, 747 , 1062.035000
2.004000, 750 , 1062.004000
2.010000, 750 , 1062.010000
2.011000, 750 , 1062.011000
2.016000, 750 , 1062.016000
2.017000, 751 , 1062.017000
2.009000, 751 , 1062.009000
2.016000, 751 , 1062.016000
2.024000, 753 , 1062.024000
2.022000, 755 , 1062.022000
2.025000, 757 , 1062.025000
2.021000, 759 , 1062.021000
2.022000, 762 , 1062.022000
2.022000, 765 , 1062.022000
2.023000, 768 , 1062.023000
2.021000, 771 , 1062.021000
2.018000, 774 , 1062.018000
2.023000, 777 , 1062.023000
2.021000, 783 , 1062.021000
2.026000, 787 , 1062.026000
2.023000, 791 , 1062.023000
2.023000, 795 , 1062.023000
2.024000, 801 , 1062.024000
2.027000, 805 , 1062.027000
2.019000, 810 , 1062.019000
2.019000, 815 , 1062.019000
2.017000, 821 , 1062.017000
2.021000, 826 , 1062.021000
2.028000, 832 , 1062.028000
2.028000, 838 , 1062.028000
2.022000, 844 , 1062.022000
2.027000, 850 , 1062.027000
2.021000, 857 , 1062.021000
2.020000, 864 , 1062.020000
2.108000, 872 , 1062.108000
2.158000, 880 , 1062.158000
2.177000, 885 , 1062.177000
2.173000, 890 , 1062.173000
2.140000, 894 , 1062.140000
2.166000, 899 , 1062.166000
2.178000, 905 , 1062.178000
2.170000, 913 , 1062.170000
2.167000, 915 , 1062.167000
2.054000, 919 , 1062.054000
2.026000, 924 , 1062.026000
2.030000, 927 , 1062.030000
2.026000, 930 , 1062.026000
2.028000, 935 , 1062.028000
2.030000, 938 , 1062.030000
2.029000, 941 , 1062.029000
2.024000, 944 , 1062.024000
2.032000, 946 , 1062.032000
2.031000, 948 , 1062.031000
2.029000, 951 , 1062.029000
2.029000, 953 , 1062.029000
2.031000, 955 , 1062.031000
2.034000, 956 , 1062.034000
2.028000, 957 , 1062.028000
2.027000, 957 , 1062.027000
2.035000, 958 , 1062.035000
2.031000, 959 , 1062.031000
2.031000, 959 , 1072.031000
2.020000, 959 , 1072.020000
2.010000, 959 , 1072.010000
1.998000, 959 , 1071.998000
1.995000, 957 , 1071.995000
2.014000, 957 , 1072.014000
2.004000, 956 , 1072.004000
2.000000, 956 , 1072.000000
2.001000, 954 , 1072.001000
2.018000, 952 , 1072.018000
1.996000, 950 , 1071.996000
2.010000, 947 , 1072.010000
1.996000, 945 , 1071.996000
2.002000, 941 , 1072.002000
2.000000, 939 , 1072.000000
2.002000, 934 , 1072.002000
1.995000, 931 , 1071.995000
1.998000, 932 , 1071.998000
1.994000, 926 , 1071.994000
1.999000, 923 , 1071.999000
2.003000, 919 , 1072.003000
1.993000, 918 , 1071.993000
1.994000, 915 , 1071.994000
2.012000, 909 , 1072.012000
2.129000, 906 , 1072.129000
2.139000, 899 , 1072.139000
2.138000, 893 , 1072.138000
2.146000, 888 , 1072.146000
2.112000, 883 , 1072.112000
2.133000, 877 , 1072.133000
2.020000, 871 , 1072.020000
1.989000, 865 , 1071.989000
1.989000, 858 , 1071.989000
1.990000, 850 , 1071.990000
1.989000, 844 , 1071.989000
1.986000, 838 , 1071.986000
1.991000, 832 , 1071.991000
1.987000, 827 , 1071.987000
1.980000, 820 , 1071.980000
1.988000, 814 , 1071.988000
1.983000, 810 , 1071.983000
1.988000, 805 , 1071.988000
1.987000, 801 , 1071.987000
1.985000, 795 , 1071.985000
1.989000, 791 , 1071.989000
1.988000, 787 , 1071.988000
1.994000, 784 , 1071.994000
1.986000, 780 , 1071.986000
1.986000, 777 , 1071.986000
1.987000, 774 , 1071.987000
1.979000, 771 , 1071.979000
1.982000, 768 , 1071.982000
1.983000, 766 , 1071.983000
1.985000, 764 , 1071.985000
1.974000, 762 , 1071.974000
1.977000, 759 , 1071.977000
1.981000, 755 , 1071.981000
1.976000, 754 , 1071.976000
1.977000, 753 , 1071.977000
1.974000, 752 , 1071.974000
1.974000, 752 , 1071.974000
1.974000, 751 , 1071.974000
1.974000, 750 , 1071.974000
1.979000, 750 , 1081.979000
1.972000, 750 , 1081.972000
1.935000, 750 , 1081.935000
1.957000, 750 , 1081.957000
1.948000, 750 , 1081.948000
1.949000, 753 , 1081.949000
1.956000, 754 , 1081.956000
1.958000, 753 , 1081.958000
1.962000, 756 , 1081.962000
1.960000, 757 , 1081.960000
1.950000, 757 , 1081.950000
1.952000, 761 , 1081.952000
1.949000, 763 , 1081.949000
1.956000, 767 , 1081.956000
1.955000, 770 , 1081.955000
1.950000, 773 , 1081.950000
1.961000, 777 , 1081.961000
1.957000, 781 , 1081.957000
1.956000, 784 , 1081.956000
1.958000, 788 , 1081.958000
1.959000, 792 , 1081.959000
1.965000, 796 , 1081.965000
1.958000, 800 , 1081.958000
1.960000, 804 , 1081.960000
1.959000, 809 , 1081.959000
1.961000, 814 , 1081.961000
1.967000, 820 , 1081.967000
1.961000, 826 , 1081.961000
1.970000, 831 , 1081.970000
1.969000, 837 , 1081.969000
1.968000, 843 , 1081.968000
1.966000, 849 , 1081.966000
1.964000, 855 , 1081.964000
1.962000, 862 , 1081.962000
1.964000, 869 , 1081.964000
1.972000, 875 , 1081.972000
1.962000, 881 , 1081.962000
1.978000, 887 , 1081.978000
2.079000, 893 , 1082.079000
2.113000, 899 , 1082.113000
2.111000, 901 , 1082.111000
2.041000, 906 , 1082.041000
1.971000, 909 , 1081.971000
1.970000, 913 , 1081.970000
1.967000, 918 , 1081.967000
1.964000, 923 , 1081.964000
1.965000, 928 , 1081.965000
1.974000, 931 , 1081.974000
1.970000, 934 , 1081.970000
1.964000, 940 , 1081.964000
1.970000, 942 , 1081.970000
1.968000, 944 , 1081.968000
1.966000, 947 , 1081.966000
1.967000, 949 , 1081.967000
1.968000, 951 , 1081.968000
1.970000, 957 , 1081.970000
1.971000, 958 , 1081.971000
1.971000, 962 , 1081.971000
1.965000, 964 , 1081.965000
1.972000, 965 , 1081.972000
1.968000, 965 , 1081.968000
1.968000, 966 , 1081.968000
1.959000, 966 , 1091.959000
1.968000, 966 , 1091.968000
1.949000, 968 , 1091.949000
1.935000, 968 , 1091.935000
1.932000, 968 , 1091.932000
1.929000, 967 , 1091.929000
1.943000, 967 , 1091.943000
1.943000, 966 , 1091.943000
1.936000, 965 , 1091.936000
1.941000, 963 , 1091.941000
1.936000, 961 , 1091.936000
1.939000, 958 , 1091.939000
1.935000, 955 , 1091.935000
1.929000, 953 , 1091.929000
1.931000, 951 , 1091.931000
1.931000, 948 , 1091.931000
1.932000, 945 , 1091.932000
1.934000, 940 , 1091.934000
1.933000, 936 , 1091.933000
1.922000, 933 , 1091.922000
1.930000, 928 , 1091.930000
1.920000, 924 , 1091.920000
1.938000, 920 , 1091.938000
1.944000, 915 , 1091.944000
1.944000, 911 , 1091.944000
1.936000, 906 , 1091.936000
1.998000, 900 , 1091.998000
1.944000, 894 , 1091.944000
1.940000, 889 , 1091.940000
1.936000, 882 , 1091.936000
1.936000, 876 , 1091.936000
1.931000, 870 , 1091.931000
1.932000, 863 , 1091.932000
1.929000, 857 , 1091.929000
1.929000, 851 , 1091.929000
1.931000, 845 , 1091.931000
1.934000, 839 , 1091.934000
1.925000, 832 , 1091.925000
1.922000, 827 , 1091.922000
1.932000, 821 , 1091.932000
1.929000, 817 , 1091.929000
1.928000, 811 , 1091.928000
1.929000, 807 , 1091.929000
1.924000, 801 , 1091.924000
1.926000, 797 , 1091.926000
1.928000, 793 , 1091.928000
1.929000, 790 , 1091.929000
1.935000, 786 , 1091.935000
1.923000, 783 , 1091.923000
1.926000, 781 , 1091.926000
1.930000, 778 , 1091.930000
1.920000, 776 , 1091.920000
1.922000, 773 , 1091.922000
1.932000, 771 , 1091.932000
1.921000, 770 , 1091.921000
1.919000, 768 , 1091.919000
1.924000, 767 , 1091.924000
1.923000, 768 , 1091.923000
1.920000, 768 , 1091.920000
1.918000, 767 , 1091.918000
1.922000, 766 , 1091.922000
1.918000, 765 , 1091.918000
1.919000, 767 , 1091.919000
1.921000, 767 , 1101.921000
1.919000, 765 , 1101.919000
1.874000, 765 , 1101.874000
1.889000, 766 , 1101.889000
1.892000, 766 , 1101.892000
1.897000, 766 , 1101.897000
1.889000, 767 , 1101.889000
1.878000, 769 , 1101.878000
1.897000, 769 , 1101.897000
1.886000, 770 , 1101.886000
1.883000, 773 , 1101.883000
1.890000, 775 , 1101.890000
1.899000, 777 , 1101.899000
1.898000, 780 , 1101.898000
1.889000, 784 , 1101.889000
1.895000, 789 , 1101.895000
1.898000, 791 , 1101.898000
1.898000, 795 , 1101.898000
1.872000, 800 , 1101.872000
1.891000, 803 , 1101.891000
1.895000, 807 , 1101.895000
1.882000, 811 , 1101.882000
1.882000, 816 , 1101.882000
1.889000, 820 , 1101.889000
1.882000, 827 , 1101.882000
1.885000, 832 , 1101.885000
1.888000, 837 , 1101.888000
1.887000, 842 , 1101.887000
1.892000, 848 , 1101.892000
1.899000, 854 , 1101.899000
1.885000, 860 , 1101.885000
1.894000, 866 , 1101.894000
1.885000, 873 , 1101.885000
1.888000, 879 , 1101.888000
1.896000, 885 , 1101.896000
1.893000, 891 , 1101.893000
1.906000, 897 , 1101.906000
1.900000, 902 , 1101.900000
1.909000, 907 , 1101.909000
1.911000, 912 , 1101.911000
1.895000, 917 , 1101.895000
1.899000, 922 , 1101.899000
1.912000, 926 , 1101.912000
1.904000, 931 , 1101.904000
1.905000, 935 , 1101.905000
1.911000, 941 , 1101.911000
1.907000, 946 , 1101.907000
1.908000, 950 , 1101.908000
1.900000, 954 , 1101.900000
1.910000, 957 , 1101.910000
1.918000, 959 , 1101.918000
1.900000, 964 , 1101.900000
1.903000, 968 , 1101.903000
1.908000, 970 , 1101.908000
1.911000, 975 , 1101.911000
1.913000, 978 , 1101.913000
1.911000, 980 , 1101.911000
1.916000, 981 , 1101.916000
1.926000, 982 , 1101.926000
1.915000, 980 , 1101.915000
1.920000, 981 , 1101.920000
1.917000, 979 , 1101.917000
1.914000, 981 , 1111.914000
1.911000, 981 , 1111.911000
1.884000, 981 , 1111.884000
1.875000, 981 , 1111.875000
1.869000, 979 , 1111.869000
1.861000, 983 , 1111.861000
1.877000, 982 , 1111.877000
1.888000, 981 , 1111.888000
1.868000, 979 , 1111.868000
1.871000, 980 , 1111.871000
1.853000, 976 , 1111.853000
1.871000, 975 , 1111.871000
1.856000, 973 , 1111.856000
1.857000, 970 , 1111.857000
1.849000, 966 , 1111.849000
1.850000, 963 , 1111.850000
1.880000, 962 , 1111.880000
1.842000, 959 , 1111.842000
1.836000, 956 , 1111.836000
1.817000, 954 , 1111.817000
1.846000, 950 , 1111.846000
1.816000, 946 , 1111.816000
1.810000, 944 , 1111.810000
1.819000, 939 , 1111.819000
1.784000, 932 , 1111.784000
1.826000, 927 , 1111.826000
1.807000, 922 , 1111.807000
1.834000, 917 , 1111.834000
1.815000, 912 , 1111.815000
1.838000, 906 , 1111.838000
1.798000, 898 , 1111.798000
1.779000, 892 , 1111.779000
1.789000, 886 , 1111.789000
1.801000, 880 , 1111.801000
1.811000, 874 , 1111.811000
1.819000, 868 , 1111.819000
1.805000, 862 , 1111.805000
1.801000, 857 , 1111.801000
1.821000, 852 , 1111.821000
1.826000, 845 , 1111.826000
1.800000, 841 , 1111.800000
1.764000, 835 , 1111.764000
1.787000, 830 , 1111.787000
1.783000, 825 , 1111.783000
1.773000, 822 , 1111.773000
1.828000, 819 , 1111.828000
1.780000, 815 , 1111.780000
1.795000, 812 , 1111.795000
1.849000, 808 , 1111.849000
1.821000, 806 , 1111.821000
1.798000, 803 , 1111.798000
1.782000, 800 , 1111.782000
1.813000, 797 , 1111.813000
1.797000, 795 , 1111.797000
1.794000, 792 , 1111.794000
1.838000, 790 , 1111.838000
1.807000, 788 , 1111.807000
1.814000, 787 , 1111.814000
1.809000, 786 , 1111.809000
1.843000, 785 , 1111.843000
1.820000, 784 , 1111.820000
1.832000, 787 , 1111.832000
1.808000, 785 , 1111.808000
1.805000, 785 , 1121.805000
1.799000, 785 , 1121.799000
1.056000, 785 , 1121.056000
1.502000, 785 , 1121.502000
1.259000, 785 , 1121.259000
1.244000, 786 , 1121.244000
1.220000, 786 , 1121.220000
1.184000, 788 , 1121.184000
1.185000, 789 , 1121.185000
1.230000, 791 , 1121.230000
1.208000, 795 , 1121.208000
1.256000, 797 , 1121.256000
1.184000, 799 , 1121.184000
1.186000, 802 , 1121.186000
1.232000, 803 , 1121.232000
1.211000, 805 , 1121.211000
1.235000, 809 , 1121.235000
1.236000, 813 , 1121.236000
1.203000, 816 , 1121.203000
1.225000, 820 , 1121.225000
1.229000, 823 , 1121.229000
1.276000, 827 , 1121.276000
1.260000, 831 , 1121.260000
1.274000, 836 , 1121.274000
1.259000, 843 , 1121.259000
1.307000, 848 , 1121.307000
1.195000, 853 , 1121.195000
1.348000, 858 , 1121.348000
1.283000, 864 , 1121.283000
1.301000, 869 , 1121.301000
1.236000, 875 , 1121.236000
1.361000, 882 , 1121.361000
1.311000, 890 , 1121.311000
1.268000, 896 , 1121.268000
1.339000, 901 , 1121.339000
1.303000, 906 , 1121.303000
1.261000, 913 , 1121.261000
1.313000, 918 , 1121.313000
1.227000, 923 , 1121.227000
1.344000, 928 , 1121.344000
1.362000, 935 , 1121.362000
1.217000, 940 , 1121.217000
1.270000, 944 , 1121.270000
1.248000, 949 , 1121.248000
1.204000, 953 , 1121.204000
1.429000, 954 , 1121.429000
1.441000, 959 , 1121.441000
