 1 
 2 
 2 
 4 
 4 
 4 
 3 
 4 
 4 
 4 
 6 
 8 
 8 
 9 
 9 
 9 
 11 
 9 
 13 
 13 
 13 
 14 
 17 
 18 
 20 
 22 
 26 
 30 
 34 
 38 
 42 
 47 
 49 
 51 
 54 
 57 
 59 
 60 
 61 
 62 
 63 
 65 
 65 
 65 
 65 
 65 
 65 
 65 
 63 
 61 
 59 
 58 
 56 
 54 
 52 
 48 
 44 
 40 
 36 
 33 
 30 
 24 
 20 
 14 
 8 
 4 
 -3 
 -9 
 -14 
 -19 
 -27 
 -35 
 -43 
 -51 
 -59 
 -68 
 -74 
 -83 
 -91 
 -100 
 -105 
 -110 
 -115 
 -120 
 -124 
 -128 
 -132 
 -136 
 -140 
 -143 
 -147 
 -151 
 -153 
 -156 
 -160 
 -163 
 -165 
 -167 
 -168 
 -170 
 -171 
 -172 
 -173 
 -175 
 -175 
 -175 
 -175 
 -173 
 -173 
 -172 
 -172 
 -171 
 -171 
 -170 
 -168 
 -166 
 -164 
 -162 
 -159 
 -155 
 -153 
 -149 
 -146 
