0.955000
0.953000
0.949000
0.949000
0.946000
0.945000
0.954000
0.953000
0.962000
0.963000
0.979000
1.000000
1.018000
1.039000
1.065000
1.096000
1.120000
1.158000
1.198000
1.270000
1.253000
1.191000
1.675000
1.421000
0.985000
1.434000
1.405000
3.024000
3.015000
3.012000
2.754000
2.690000
2.651000
2.655000
2.737000
2.434000
2.331000
2.640000
3.016000
2.975000
2.980000
3.061000
3.113000
3.067000
3.046000
3.012000
2.924000
2.816000
3.021000
2.792000
2.902000
2.792000
2.602000
2.633000
2.803000
2.736000
2.482000
2.459000
2.517000
2.374000
2.314000
2.297000
2.290000
2.281000
2.276000
2.265000
2.256000
2.272000
2.268000
2.268000
2.281000
2.298000
2.301000
2.382000
2.401000
2.429000
2.472000
2.540000
2.693000
2.677000
2.777000
2.906000
3.101000
3.251000
3.206000
3.152000
3.502000
3.482000
3.474000
3.478000
3.416000
3.347000
3.436000
3.614000
2.641000
2.595000
2.507000
2.496000
2.487000
2.491000
2.500000
2.512000
2.543000
3.756000
3.844000
1.408000
1.429000
1.235000
1.504000
1.517000
1.405000
1.328000
1.262000
1.210000
1.157000
1.130000
1.088000
1.062000
1.038000
1.020000
1.002000
0.989000
0.975000
0.967000
0.958000
0.950000
0.949000
0.949000
0.938000
0.938000
0.945000
0.944000
0.943000
0.948000
0.955000
0.965000
0.982000
1.000000
1.027000
1.042000
1.073000
1.103000
1.152000
1.199000
1.253000
1.322000
1.401000
1.511000
1.472000
1.131000
1.420000
1.399000
3.803000
3.794000
2.510000
2.483000
2.463000
2.451000
2.437000
2.439000
2.486000
2.572000
2.615000
3.731000
3.401000
3.501000
3.889000
3.890000
3.758000
3.762000
3.885000
3.614000
3.008000
2.909000
2.783000
2.708000
2.618000
2.558000
2.513000
2.488000
2.448000
2.417000
2.383000
2.379000
2.326000
2.268000
2.266000
2.242000
2.243000
2.237000
2.227000
2.218000
2.213000
2.223000
2.233000
2.234000
2.248000
2.258000
2.358000
2.358000
2.378000
2.379000
2.410000
2.456000
2.509000
2.570000
2.649000
2.739000
2.898000
3.006000
4.191000
3.982000
4.015000
4.522000
4.155000
4.009000
3.848000
3.759000
3.601000
2.567000
2.573000
2.440000
2.427000
2.421000
2.442000
2.462000
2.483000
2.575000
3.822000
3.747000
1.409000
1.318000
1.041000
1.504000
1.473000
1.389000
1.305000
1.242000
1.187000
1.144000
1.111000
1.078000
1.045000
1.029000
1.009000
0.988000
0.980000
0.968000
0.955000
0.945000
0.947000
0.934000
0.931000
0.934000
0.934000
0.937000
0.939000
0.939000
0.948000
0.952000
0.960000
0.985000
0.997000
1.024000
1.043000
1.073000
1.106000
1.149000
1.191000
1.251000
1.312000
1.405000
1.502000
1.000000
0.865000
1.387000
1.402000
3.800000
3.760000
2.505000
2.490000
2.460000
2.444000
2.448000
2.464000
2.475000
2.558000
2.600000
3.749000
3.782000
4.583000
4.676000
4.703000
4.352000
4.030000
4.331000
3.611000
2.957000
2.885000
2.721000
2.644000
2.574000
2.517000
2.497000
2.472000
2.447000
2.489000
3.006000
3.067000
2.886000
2.392000
2.427000
2.540000
2.365000
2.344000
2.604000
2.966000
2.963000
2.942000
2.951000
2.823000
2.459000
2.385000
2.373000
2.386000
2.398000
2.438000
2.471000
2.510000
2.562000
2.626000
2.717000
2.799000
2.915000
3.043000
4.477000
4.245000
4.301000
4.597000
4.741000
4.614000
3.463000
3.748000
2.668000
2.584000
3.049000
2.530000
2.482000
2.531000
2.526000
2.582000
2.562000
3.181000
3.829000
1.810000
1.408000
1.235000
1.166000
1.511000
1.460000
1.367000
1.296000
1.228000
1.181000
1.137000
1.095000
1.072000
1.039000
1.026000
1.005000
0.990000
0.977000
0.966000
0.953000
0.953000
0.942000
0.940000
0.939000
0.942000
0.938000
0.938000
0.948000
0.948000
0.946000
0.950000
0.963000
0.981000
0.998000
1.017000
1.043000
1.075000
1.108000
1.146000
1.200000
1.255000
1.326000
1.408000
1.516000
1.490000
1.044000
1.420000
1.417000
3.831000
3.803000
2.695000
2.763000
2.673000
2.637000
2.668000
3.086000
3.189000
2.768000
3.086000
3.720000
3.804000
3.754000
4.357000
4.299000
4.370000
4.375000
4.526000
3.621000
3.530000
2.975000
2.781000
2.754000
2.784000
2.838000
2.854000
2.923000
3.118000
3.279000
3.271000
3.252000
3.230000
3.214000
3.209000
3.201000
3.178000
3.175000
3.193000
3.194000
3.189000
3.189000
3.201000
3.197000
3.213000
3.229000
3.241000
3.269000
3.266000
3.150000
2.980000
2.871000
2.882000
2.832000
2.821000
2.877000
2.993000
3.526000
4.609000
4.429000
4.289000
4.167000
4.027000
3.915000
3.817000
3.779000
3.713000
3.233000
3.234000
3.164000
2.877000
2.715000
2.764000
3.104000
3.433000
3.700000
3.860000
1.778000
1.418000
1.228000
1.447000
1.527000
1.449000
1.362000
1.286000
1.225000
1.168000
1.131000
1.100000
1.068000
1.045000
1.024000
1.009000
0.990000
0.981000
0.973000
0.961000
0.955000
0.944000
0.935000
0.941000
0.940000
0.937000
0.945000
0.945000
0.955000
0.953000
0.958000
0.969000
0.993000
1.007000
1.037000
1.053000
1.087000
1.116000
1.152000
1.199000
1.258000
1.322000
1.405000
1.520000
1.512000
1.214000
1.430000
1.411000
3.861000
3.837000
3.721000
3.211000
3.029000
3.039000
3.180000
3.211000
3.301000
3.308000
3.743000
3.813000
3.824000
3.908000
4.023000
4.134000
4.291000
4.430000
4.560000
3.610000
3.458000
3.047000
3.135000
3.213000
3.235000
3.426000
3.362000
3.351000
3.357000
3.373000
3.409000
3.410000
3.602000
3.668000
3.645000
3.635000
3.622000
3.621000
3.628000
3.633000
3.635000
3.642000
3.644000
3.662000
3.683000
3.625000
3.435000
3.437000
3.400000
3.401000
3.410000
3.450000
3.481000
3.917000
4.328000
4.474000
4.644000
4.640000
4.432000
4.285000
4.139000
4.014000
3.897000
3.790000
3.714000
3.738000
3.765000
3.536000
3.399000
3.313000
3.306000
3.302000
3.264000
3.715000
3.758000
3.851000
1.121000
1.492000
1.401000
1.023000
1.405000
1.510000
1.365000
1.346000
1.283000
1.234000
1.189000
1.141000
1.108000
1.086000
1.060000
1.029000
1.012000
0.991000
0.983000
0.977000
0.960000
0.952000
0.953000
0.941000
0.946000
0.961000
0.941000
0.955000
0.948000
0.963000
0.963000
0.964000
0.982000
0.999000
1.023000
1.038000
1.067000
1.094000
1.127000
1.163000
1.218000
1.249000
1.032000
1.030000
1.052000
1.114000
0.945000
1.048000
0.983000
0.946000
3.725000
3.776000
3.732000
3.658000
3.662000
3.598000
3.623000
3.658000
3.692000
3.791000
3.816000
3.736000
3.941000
3.978000
4.127000
4.516000
4.658000
4.769000
4.940000
4.733000
4.554000
4.403000
4.277000
4.166000
4.068000
3.993000
3.931000
3.878000
3.835000
3.795000
3.762000
3.738000
3.715000
3.698000
3.680000
3.667000
3.665000
3.671000
3.677000
3.680000
3.684000
3.692000
3.702000
3.712000
3.731000
3.770000
3.816000
3.856000
3.916000
3.977000
4.053000
4.164000
4.270000
4.412000
4.557000
4.744000
4.941000
4.868000
4.696000
4.542000
4.295000
4.267000
4.148000
4.059000
3.824000
3.829000
3.768000
3.688000
3.690000
3.732000
3.757000
3.639000
3.732000
3.788000
0.821000
0.841000
0.839000
0.842000
0.839000
0.885000
0.872000
0.878000
0.886000
0.885000
1.018000
1.163000
1.146000
1.125000
1.088000
1.071000
1.051000
1.029000
1.012000
0.998000
0.985000
0.979000
0.968000
0.965000
0.964000
0.955000
0.970000
0.964000
0.973000
0.970000
0.985000
0.983000
0.985000
1.004000
1.015000
1.039000
1.057000
1.086000
1.113000
1.149000
1.151000
0.875000
0.821000
0.822000
0.812000
0.792000
0.784000
0.777000
0.777000
0.779000
0.773000
0.782000
0.740000
3.784000
3.735000
3.749000
3.658000
3.690000
3.743000
3.755000
3.851000
3.917000
4.112000
4.216000
4.321000
4.265000
4.559000
4.755000
4.923000
5.019000
4.813000
4.628000
4.478000
4.352000
4.236000
4.138000
4.062000
3.995000
3.904000
3.854000
3.818000
3.783000
3.756000
3.733000
3.711000
3.700000
3.691000
3.690000
7.634000
7.662000
7.599000
7.684000
7.679000
7.621000
7.596000
7.580000
7.596000
7.521000
3.917000
3.997000
4.065000
4.145000
4.254000
4.371000
4.516000
4.675000
4.865000
5.087000
4.941000
4.770000
4.611000
4.471000
4.343000
4.220000
4.115000
4.007000
3.898000
3.841000
3.779000
3.776000
3.796000
3.824000
3.714000
3.778000
0.795000
0.796000
0.788000
0.952000
0.958000
0.976000
1.081000
1.121000
1.188000
1.222000
1.144000
1.187000
1.197000
1.174000
1.140000
1.109000
1.084000
1.059000
1.037000
1.022000
1.004000
0.997000
0.979000
0.959000
0.944000
0.928000
0.890000
0.532000
0.671000
0.565000
0.625000
0.578000
0.597000
0.608000
0.562000
0.658000
0.613000
0.820000
0.973000
1.043000
1.135000
1.189000
1.271000
1.341000
1.408000
1.464000
1.475000
1.476000
1.454000
1.436000
1.440000
0.791000
0.802000
0.790000
3.841000
3.811000
3.796000
3.759000
3.761000
3.795000
3.833000
3.939000
3.925000
4.192000
4.304000
4.417000
4.552000
4.695000
4.851000
5.022000
5.142000
4.927000
4.742000
4.578000
4.457000
4.340000
4.239000
4.142000
4.087000
3.998000
3.991000
6.741000
6.769000
6.790000
6.831000
6.859000
6.861000
6.894000
6.874000
6.527000
6.467000
6.430000
6.466000
6.473000
6.469000
6.443000
6.431000
6.399000
6.370000
4.021000
4.099000
4.176000
4.265000
4.378000
4.506000
4.627000
4.821000
5.004000
5.217000
5.023000
4.861000
4.700000
4.555000
4.423000
4.304000
4.205000
4.074000
3.989000
3.955000
3.835000
3.871000
3.836000
3.872000
3.889000
3.856000
0.823000
0.784000
4.071000
1.489000
1.323000
1.329000
1.344000
1.352000
1.373000
1.366000
1.338000
1.261000
0.621000
0.556000
0.526000
0.515000
0.514000
0.539000
0.511000
0.516000
0.523000
0.529000
0.529000
0.532000
0.520000
0.519000
0.528000
0.468000
0.502000
0.480000
0.490000
0.483000
0.482000
0.489000
0.486000
0.488000
0.496000
0.493000
0.474000
0.483000
0.506000
0.865000
1.183000
1.247000
1.253000
1.253000
1.240000
1.222000
1.229000
1.339000
4.215000
4.203000
0.821000
0.826000
3.927000
3.956000
3.871000
3.840000
3.840000
3.840000
3.840000
3.840000
3.840000
3.840000
3.840000
3.840000
3.840000
3.840000
3.840000
3.840000
3.840000
3.840000
3.840000
3.840000
3.840000
3.840000
3.840000
3.840000
3.840000
3.840000
3.840000
3.840000
3.840000
3.840000
3.840000
3.840000
3.840000
3.840000
3.840000
3.840000
3.840000
3.840000
3.840000
3.840000
3.840000
3.840000
3.840000
3.840000
3.840000
3.840000
3.840000
3.840000
3.840000
3.840000
3.840000
3.840000
3.840000
3.840000
3.840000
3.840000
3.840000
3.840000
3.840000
3.840000
3.840000
3.840000
3.840000
3.840000
3.840000
3.840000
3.840000
3.840000
3.840000
3.840000
3.840000
3.840000
3.840000
3.840000
3.840000
3.840000
3.840000
3.840000
3.840000
3.840000
3.840000
3.840000
3.840000
3.840000
3.840000
3.840000
3.840000
3.840000
3.840000
3.840000
3.840000
3.840000
3.840000
3.840000
3.840000
3.840000
3.840000
3.840000
3.840000
3.840000
3.840000
3.840000
3.840000
3.840000
3.840000
3.840000
3.840000
3.840000
3.840000
3.840000
3.840000
3.840000
3.840000
3.840000
3.840000
3.840000
3.840000
3.840000
3.840000
3.840000
3.840000
3.840000
3.840000
3.840000
3.840000
3.840000
3.840000
3.840000
3.840000
3.840000
3.840000
3.840000
3.840000
3.840000
3.840000
3.840000
3.840000
3.840000
3.840000
3.840000
3.840000
3.840000
3.840000
3.840000
3.840000
3.840000
3.840000
3.840000
3.840000
3.840000
3.840000
3.840000
3.840000
3.840000
3.840000
3.840000
3.840000
3.840000
3.840000
3.840000
3.840000
3.840000
3.840000
3.840000
3.840000
3.840000
3.840000
3.840000
3.840000
3.840000
3.840000
3.840000
3.840000
3.840000
3.840000
3.840000
3.840000
3.840000
3.840000
3.840000
3.840000
3.840000
3.840000
3.840000
3.840000
3.840000
3.840000
3.840000
3.840000
3.840000
3.840000
3.840000
