 113
 113
 113
 113
 113
 113
 113
 113
 113
 113
 113
 113
 113
 113
 113
 113
 113
 113
 113
 113
 113
 113
 113
 113
 113
 113
 113
 113
 113
 113
 113
 113
 113
 113
 113
 113
 113
 113
 113
 113
 113
 113
 113
 113
 113
 113
 113
 113
 113
 113
 113
 113
 113
 113
 113
 113
 113
 113
 113
 113
 113
 114
 114
 114
 114
 114
 114
 114
 114
 114
 114
 114
 114
 114
 114
 114
 114
 114
 114
 114
 114
 114
 114
 114
 114
 114
 114
 114
 114
 114
 114
 114
 114
 114
 114
 114
 114
 114
 114
 114
 114
 114
 114
 114
 114
 114
 114
 114
 114
 114
 114
 114
 114
 114
 114
 114
 114
 114
 114
 114
 114
 114
 114
 115
 115
 115
 115
 115
 115
 115
 115
 115
 115
 115
 115
 115
 115
 115
 115
 115
 115
 115
 115
 115
 115
 115
 115
 115
 115
 115
 115
 115
 115
 115
 115
 115
 115
 115
 115
 115
 115
 115
 115
 115
 115
 115
 115
 115
 115
 115
 115
 115
 115
 115
 115
 115
 115
 115
 115
 115
 115
 115
 115
 115
 115
 115
 116
 116
 116
 116
 116
 116
 116
 116
 116
 116
 116
 116
 116
 116
 116
 116
 116
 116
 116
 116
 116
 116
 116
 116
 116
 116
 116
 116
 116
 116
 116
 116
 116
 116
 116
 116
 116
 116
 116
 116
 116
 116
 116
 116
 116
 116
 116
 116
 116
 116
 116
 116
 116
 116
 116
 116
 116
 116
 116
 116
 116
 116
 117
 117
 117
 117
 117
 117
 117
 117
 117
 117
 117
 117
 117
 117
 117
 117
 117
 117
 117
 117
 117
 117
 117
 117
 117
 117
 117
 117
 117
 117
 117
 117
 117
 117
 117
 117
 117
 117
 117
 117
 117
 117
 117
 117
 117
 117
 117
 117
 117
 117
 117
 117
 117
 117
 117
 117
 117
 117
 117
 117
 117
 117
 117
 118
 118
 118
 118
 118
 118
 118
 118
 118
 118
 118
 118
 118
 118
 118
 118
 118
 118
 118
 118
 118
 118
 118
 118
 118
 118
 118
 118
 118
 118
 118
 118
 118
 118
 118
 118
 118
 118
 118
 118
 118
 118
 118
 118
 118
 118
 118
 118
 118
 118
 118
 118
 118
 118
 118
 2
 3
 2
 2
 2
 2
 2
 2
 2
 2
 3
 0
 0
 0
 0
 0
 0
 0
 0
 0
 0
 0
 0
 0
 0
 0
 0
 0
 0
 0
 0
 0
 0
 0
 0
 0
 0
 0
 0
 0
 0
 0
 0
 0
 0
 0
 0
 0
 0
 0
 0
 0
 0
 1
 1
 1
 1
 1
 1
 1
 1
 1
 1
 1
 1
 1
 1
 1
 1
 1
 1
 1
 1
 1
 1
 1
 1
 1
 1
 1
 1
 1
 1
 1
 1
 1
 1
 1
 1
 1
 1
 1
 1
 1
 1
 1
 1
 1
 1
 1
 1
 1
 1
 1
 1
 1
 1
 1
 1
 1
 1
 1
 1
 1
 1
 1
 2
 2
 2
 2
 2
 2
 2
 2
 2
 2
 2
 2
 2
 2
 2
 2
 2
 2
 2
 2
 2
